# tracer=BGS  source=Wei_data.hdf5  group=EZmock  nsim=2000  nk=20
# columns: kmid  P0  P2  P4

5.000000000000000104e-03 5.606138423637014057e+04 2.638178822408115593e+04 1.557495811395039345e+04
1.499999999999999944e-02 7.010858727594027005e+04 3.162208479578340120e+04 7.985058119648357206e+03
2.500000000000000139e-02 6.244383229720270901e+04 2.664842204678213602e+04 2.452502355350948449e+02
3.500000000000000333e-02 4.877348575247269036e+04 2.019295879116683864e+04 9.515218125863093519e+02
4.499999999999999833e-02 3.862576500180295261e+04 1.517562365172507270e+04 -1.007677667992909164e+03
5.500000000000000028e-02 3.274431576667507761e+04 1.260498642007322451e+04 1.451383164630793544e+03
6.500000000000000222e-02 2.890740019731950815e+04 1.056513707440290455e+04 3.459392139968121569e+02
7.500000000000001110e-02 2.515228996006517991e+04 8.827464217173295765e+03 7.817781276988424679e+02
8.499999999999999223e-02 2.118849079278987119e+04 7.108479665154503891e+03 1.139853922414867498e+02
9.500000000000000111e-02 1.774138499194595715e+04 5.819835943456132554e+03 3.162651016522126497e+02
1.050000000000000100e-01 1.536700939745757569e+04 4.870234595473983063e+03 4.268199696603947757e+01
1.149999999999999911e-01 1.389550372160018924e+04 4.224117058414810344e+03 4.125763488296975652e+02
1.250000000000000000e-01 1.282444636821180757e+04 3.634701331595452757e+03 2.328402524363775115e+02
1.350000000000000089e-01 1.178068528040666752e+04 3.136495657916823802e+03 2.319050411342250868e+02
1.450000000000000178e-01 1.067897056355158020e+04 2.731554607322786069e+03 9.641075670491878213e+01
1.549999999999999989e-01 9.672807681052119733e+03 2.420107671060182838e+03 1.219453567700746248e+02
1.650000000000000078e-01 8.871808994670438551e+03 2.153106726556212379e+03 1.161221343192176505e+02
1.749999999999999889e-01 8.273699997645968324e+03 1.895427968473595229e+03 2.099944204792756466e+02
1.849999999999999978e-01 7.792421213308409278e+03 1.636820835152813061e+03 1.306107967478588137e+02
1.950000000000000067e-01 7.354269388894869735e+03 1.425694523064542864e+03 1.632161182406747741e+02
