# tracer=ELG2  source=Wei_data.hdf5  group=EZmock  nsim=1024  nk=20
# columns: kmid  P0  P2  P4

5.000000000000000104e-03 1.823884296944888047e+04 1.209723444961840323e+04 1.436818550814210312e+03
1.499999999999999944e-02 2.310545470150672918e+04 1.531558654630451383e+04 1.224600045029999592e+03
2.500000000000000139e-02 2.081858043119263311e+04 1.366333275024893192e+04 1.141873086706540107e+03
3.500000000000000333e-02 1.640842943791516518e+04 1.053122614016992520e+04 8.405732014502136735e+02
4.499999999999999833e-02 1.303759059545923446e+04 8.167102604039811922e+03 6.245390548337354630e+02
5.500000000000000028e-02 1.111768967566470201e+04 6.811916648636944956e+03 5.299188621704864772e+02
6.500000000000000222e-02 9.887031110769425140e+03 5.922950418407336656e+03 4.416096243201151879e+02
7.500000000000001110e-02 8.647377035474049990e+03 5.063898204491519209e+03 4.107843578708151426e+02
8.499999999999999223e-02 7.284381683391464321e+03 4.152261032873100703e+03 3.075540324203652176e+02
9.500000000000000111e-02 6.079529972521832860e+03 3.386810857374960051e+03 3.006789859865745029e+02
1.050000000000000100e-01 5.250893158107071940e+03 2.854547383811112468e+03 2.442256645260857226e+02
1.149999999999999911e-01 4.758387281119078580e+03 2.521112497567924493e+03 2.401826911180674529e+02
1.250000000000000000e-01 4.415615329239923994e+03 2.270619366888089644e+03 2.041698908827894172e+02
1.350000000000000089e-01 4.062225093123062379e+03 2.031938246927337559e+03 1.988621083447759474e+02
1.450000000000000178e-01 3.664589321242707229e+03 1.790586831591276905e+03 1.793857655230742125e+02
1.549999999999999989e-01 3.288509040112915045e+03 1.579148613074164132e+03 1.729030606719982472e+02
1.650000000000000078e-01 2.995986390914062213e+03 1.411287269703614129e+03 1.681400944528982109e+02
1.749999999999999889e-01 2.792888943896111414e+03 1.280006933503702612e+03 1.556197715744679044e+02
1.849999999999999978e-01 2.640797374368383771e+03 1.170286846509693305e+03 1.486860720432783296e+02
1.950000000000000067e-01 2.499071499609561215e+03 1.070746350483651440e+03 1.362444204934519973e+02
