# tracer=LRG2  source=Wei_data.hdf5  group=EZmock  nsim=2000  nk=80
# columns: kmid  P0  P2  P4

5.000000000000000104e-03 4.445694701006001560e+04 1.965984830148701803e+04 5.328073498423736964e+02
1.000000000000000021e-02 5.949898256980004226e+04 2.651798368368995216e+04 -1.486235854164462182e+02
1.499999999999999944e-02 6.496441797974010115e+04 2.927204223174496656e+04 2.979609746173004169e+03
2.000000000000000042e-02 6.365655747873499058e+04 2.831818642744005774e+04 1.262014812049537795e+03
2.500000000000000139e-02 5.861168731409504107e+04 2.569977087865500289e+04 1.194656500899107868e+03
2.999999999999999889e-02 5.219889070059511869e+04 2.256566036968501066e+04 9.916605272470030741e+02
3.500000000000000333e-02 4.584393751059990609e+04 1.951528958273502212e+04 1.206216388274794099e+03
4.000000000000000083e-02 4.040939845520006929e+04 1.689804842783002096e+04 1.009728932693284492e+03
4.499999999999999833e-02 3.616418876817997807e+04 1.484633453393003037e+04 8.280852093407835355e+02
5.000000000000000278e-02 3.304889066344005550e+04 1.329528086259999873e+04 5.441442784682319598e+02
5.500000000000000028e-02 3.076246938422000676e+04 1.217816564028501125e+04 4.713445106939219045e+02
5.999999999999999778e-02 2.895745130032504312e+04 1.126280347350501506e+04 6.943303872482457564e+02
6.500000000000000222e-02 2.734115543099506976e+04 1.043109226590048456e+04 5.558235265806624739e+02
7.000000000000000666e-02 2.569577295930005130e+04 9.596647843277014545e+03 4.221714562549194625e+02
7.499999999999999722e-02 2.392368130723995637e+04 8.767879559638507999e+03 3.504042192507881168e+02
8.000000000000000167e-02 2.204497993250501167e+04 7.948532154775504750e+03 4.751633317373859882e+02
8.500000000000000611e-02 2.016297547319001023e+04 7.153912346734499806e+03 4.214585357748398451e+02
8.999999999999999667e-02 1.839943534225000985e+04 6.442388961647996439e+03 4.132699803269387644e+02
9.500000000000000111e-02 1.685256457467998916e+04 5.814520384439004374e+03 2.551622911976909336e+02
1.000000000000000056e-01 1.558027651056497234e+04 5.322932439725999757e+03 3.501759930514663779e+02
1.049999999999999961e-01 1.457692632179002248e+04 4.908279815037500157e+03 3.889415108613999905e+02
1.100000000000000006e-01 1.380826543179502005e+04 4.552455937231503412e+03 3.167363618493943704e+02
1.150000000000000050e-01 1.321231157498499124e+04 4.242524926670011155e+03 2.426554631888548386e+02
1.199999999999999956e-01 1.271504260175998752e+04 3.971475567329498517e+03 2.641532791428997484e+02
1.250000000000000000e-01 1.225256805780503237e+04 3.721742541913994955e+03 2.959316566024700137e+02
1.300000000000000044e-01 1.177877052959000503e+04 3.472844237859506848e+03 2.525901002014848871e+02
1.350000000000000089e-01 1.127177265748500940e+04 3.239706802677502310e+03 2.380804502266800284e+02
1.400000000000000133e-01 1.073432307855500039e+04 3.024403604702498797e+03 2.172214789540481377e+02
1.449999999999999900e-01 1.018793591701001787e+04 2.831488033582005301e+03 2.452206577574496009e+02
1.499999999999999944e-01 9.656934978345505442e+03 2.657437239682499239e+03 2.476093714517997171e+02
1.549999999999999989e-01 9.166396526720509428e+03 2.495422285341999668e+03 1.995567755739247389e+02
1.600000000000000033e-01 8.732927731442008735e+03 2.352384965380498670e+03 2.123623842990492676e+02
1.650000000000000078e-01 8.362135249946008116e+03 2.215008022259996778e+03 2.091235643100098400e+02
1.700000000000000122e-01 8.050319309922503635e+03 2.082980540170497534e+03 2.163060318675505869e+02
1.749999999999999889e-01 7.785216924234995531e+03 1.950316396245501892e+03 1.943362060066499453e+02
1.799999999999999933e-01 7.552645001489499919e+03 1.823152879540001322e+03 2.001596243585495358e+02
1.849999999999999978e-01 7.338454887275504007e+03 1.697842134922999321e+03 1.772912695360001010e+02
1.900000000000000022e-01 7.131563130431996797e+03 1.583597452584999701e+03 1.823756299832153616e+02
1.950000000000000067e-01 6.924077079331498680e+03 1.477390796530999523e+03 1.831737269157549690e+02
2.000000000000000111e-01 6.713597569991989076e+03 1.382009355042500829e+03 1.732397840424498554e+02
2.049999999999999878e-01 6.502006050879491340e+03 1.298024430868000081e+03 1.568591416936049541e+02
2.099999999999999922e-01 6.293333454811007869e+03 1.223951722723498733e+03 1.657586251624002500e+02
2.149999999999999967e-01 6.093547655611008850e+03 1.156280507270999351e+03 1.622388513928996190e+02
2.200000000000000011e-01 5.905511025165998944e+03 1.091344674153497635e+03 1.501158072815950675e+02
2.250000000000000056e-01 5.732258374534495488e+03 1.027962619693551233e+03 1.452592436857749476e+02
2.300000000000000100e-01 5.574319709410508040e+03 9.635592457878500454e+02 1.349494486976701637e+02
2.349999999999999867e-01 5.430180709960000968e+03 8.986573695252991456e+02 1.397549326575299915e+02
2.399999999999999911e-01 5.297968575634497938e+03 8.332132441863006989e+02 1.411168576607450973e+02
2.449999999999999956e-01 5.174494858453998859e+03 7.685764183302501351e+02 1.333798337005951282e+02
2.500000000000000000e-01 5.057309363750507146e+03 7.048571116703018333e+02 1.255246620216549331e+02
2.550000000000000044e-01 4.944046652549498504e+03 6.461636151986509731e+02 1.271231129336549799e+02
2.600000000000000089e-01 4.833881935764982700e+03 5.922205488954490420e+02 1.330017109464301654e+02
2.650000000000000133e-01 4.725863642577502105e+03 5.415499023279007815e+02 1.210170592173449222e+02
2.700000000000000178e-01 4.620447044951488351e+03 4.950095521148508055e+02 1.152937535034901231e+02
2.750000000000000222e-01 4.518099648642002649e+03 4.528469082048500809e+02 1.174228895237748276e+02
2.800000000000000266e-01 4.419412452957997630e+03 4.125247126002996083e+02 1.158220596145499144e+02
2.849999999999999756e-01 4.325029616566000186e+03 3.737772265205503004e+02 1.106422953358997887e+02
2.899999999999999800e-01 4.235514959714502766e+03 3.353438687591501548e+02 1.112144356871249187e+02
2.949999999999999845e-01 4.150398888249495030e+03 2.976748045979001631e+02 1.006490135633999614e+02
2.999999999999999889e-01 4.069808916988992678e+03 2.605558749250996016e+02 1.009358360917350410e+02
3.049999999999999933e-01 3.993110240997499204e+03 2.237060622329500177e+02 1.058126628101649800e+02
3.099999999999999978e-01 3.919527273674997105e+03 1.874493865727502850e+02 1.027424043116600672e+02
3.150000000000000022e-01 3.848859334573003252e+03 1.525374035585499826e+02 9.452863283984518716e+01
3.200000000000000067e-01 3.780569845663496380e+03 1.189797063671001069e+02 9.538315097465000747e+01
3.250000000000000111e-01 3.714507608580998294e+03 8.751449833988996829e+01 1.013563339449299008e+02
3.300000000000000155e-01 3.650233467564002240e+03 5.743796329305494197e+01 9.801833447555998191e+01
3.350000000000000200e-01 3.588002939064496786e+03 2.927795105419495769e+01 9.513549815421986011e+01
3.400000000000000244e-01 3.527604083030007587e+03 1.952691034107134405e+00 9.153100819119492826e+01
3.449999999999999734e-01 3.469236588984998889e+03 -2.374695158655696048e+01 9.328970216505513235e+01
3.499999999999999778e-01 3.412905778774005739e+03 -4.897410804847001486e+01 9.560257564070505509e+01
3.549999999999999822e-01 3.358541795624002134e+03 -7.304464176579510593e+01 9.046884070433985414e+01
3.599999999999999867e-01 3.305964016041502418e+03 -9.641769227602007675e+01 8.772295211073509336e+01
3.649999999999999911e-01 3.255331384389504365e+03 -1.196484531986000661e+02 8.956160609704001274e+01
3.699999999999999956e-01 3.206455077254006937e+03 -1.416530041092502188e+02 9.248268092378008021e+01
3.750000000000000000e-01 3.158991230014009034e+03 -1.631536561752002399e+02 8.884541267334994075e+01
3.800000000000000044e-01 3.113254904414995963e+03 -1.840429217366005332e+02 8.847914020818987524e+01
3.850000000000000089e-01 3.068832132160996935e+03 -2.039301118419998318e+02 8.801575180458497982e+01
3.900000000000000133e-01 3.025645762311495673e+03 -2.231250261581495238e+02 9.134879379257006349e+01
3.950000000000000178e-01 2.983653928015497968e+03 -2.414514911705000202e+02 8.986224411221004971e+01
4.000000000000000222e-01 2.942933114854501582e+03 -2.591102251365497295e+02 9.074966681372025334e+01
