5.099901367692647182e+04
4.592061328870798752e+04
4.039108730809800909e+04
3.539129574422132282e+04
3.136133799253111647e+04
2.832487894684814819e+04
2.616145038606141316e+04
2.452642065993130382e+04
2.315656943348039931e+04
2.185530130130724865e+04
2.046996611136994034e+04
1.895642201422551079e+04
1.738505056651248015e+04
1.587072348914841314e+04
1.450657482389621146e+04
1.334816699358363621e+04
1.241772496212762962e+04
1.170257872866247271e+04
1.115916140953973627e+04
1.072565160389473385e+04
1.034219240798017199e+04
9.963714361817896133e+03
9.565268379301527602e+03
9.144242061320053836e+03
8.709933494507438809e+03
8.280357109392702114e+03
7.873486470686948451e+03
7.505619825304856931e+03
7.184355189370970038e+03
6.911011534356918673e+03
6.678262265355239833e+03
6.474127795122723910e+03
6.289012110301715438e+03
6.115086835314801647e+03
5.944951800143703622e+03
5.771740708974947665e+03
2.650105295582086910e+04
2.366644448790653041e+04
2.064338294232524277e+04
1.794692551003086555e+04
1.579052188706678862e+04
1.416564714844213813e+04
1.299139381904391666e+04
1.208683646660563318e+04
1.132155347854098363e+04
1.060619063126961737e+04
9.880479805814764404e+03
9.135638752061007835e+03
8.406685213046712306e+03
7.737819265857920982e+03
7.157076303586209178e+03
6.673466643645024305e+03
6.282011679773489959e+03
5.966059767357734017e+03
5.703082049117727365e+03
5.473046226949159973e+03
5.261582762449509573e+03
5.061524114165948959e+03
4.872194994231374949e+03
4.696158510309683152e+03
4.536040213308693637e+03
4.392898883007051154e+03
4.265342531363230592e+03
4.149811386656580908e+03
4.041846773572996426e+03
3.937067917163622496e+03
3.833342044067154802e+03
3.730536639097605075e+03
3.629615629921695472e+03
3.532216448950863196e+03
3.440415543873608385e+03
3.356784882229274899e+03
1.637064322439931857e+03
1.438142606703644560e+03
1.238451932029358431e+03
1.068646498700070879e+03
9.378969428152631735e+02
8.415665157302082662e+02
7.717435480895765068e+02
7.177521891984542890e+02
6.733531285976641811e+02
6.356355022321458819e+02
6.040376602497271961e+02
5.797532737415640440e+02
5.637488775483216159e+02
5.554249444890647283e+02
5.528372684286159711e+02
5.534646498576694285e+02
5.549779020082169154e+02
5.555647513434878420e+02
5.545521214595728452e+02
5.529733008999755839e+02
5.522106844086729325e+02
5.534984994515707513e+02
5.576076052880689531e+02
5.644278272304004531e+02
5.732811408659672452e+02
5.830827529708435577e+02
5.927809407262884633e+02
6.015100710787614844e+02
6.089282891258490054e+02
6.151040592678577923e+02
6.204351073636125875e+02
6.254433908804257953e+02
6.304176101983357512e+02
6.354389972089793446e+02
6.405006663035101155e+02
6.454829817186687251e+02
