5.555825879312122561e+04
5.081410339000489330e+04
4.532870141372899525e+04
4.016517041199488449e+04
3.585350963284684985e+04
3.248813547619456222e+04
3.000420370838356757e+04
2.809781395302429155e+04
2.649798422257052516e+04
2.501248232953407205e+04
2.349011370143151726e+04
2.186305413329304793e+04
2.017699153208531789e+04
1.853672857892171305e+04
1.703817799840275984e+04
1.574014261590527349e+04
1.466818454198964901e+04
1.381650263664444719e+04
1.315098131236489644e+04
1.261736575902166805e+04
1.215673953071680080e+04
1.172163919445003921e+04
1.128225594740571978e+04
1.083007190956720115e+04
1.036896976244184771e+04
9.913232838378362430e+03
9.477830194221307465e+03
9.076831927531615293e+03
8.718568123970921079e+03
8.407185613826575718e+03
8.137689905996994639e+03
7.900912778478203109e+03
7.688305530462122078e+03
7.491749512357764615e+03
7.303686402018563967e+03
7.117261822595279227e+03
3.349820312713895692e+04
3.029550884976219822e+04
2.671604296401905594e+04
2.341470592496962490e+04
2.069096156110109587e+04
1.857039217979825480e+04
1.698412897645702833e+04
1.573936971593591261e+04
1.468198772737237050e+04
1.371234656134121360e+04
1.276437291329816617e+04
1.182182115325642735e+04
1.091730136515630147e+04
1.009640576427102133e+04
9.388228735670762035e+03
8.799181988868085682e+03
8.320093834060624431e+03
7.929449854939371107e+03
7.601117675751083880e+03
7.313963761052154041e+03
7.052908204217877937e+03
6.811624315104737434e+03
6.590654411766617159e+03
6.393352374309079096e+03
6.222239872866621226e+03
6.076984815586562036e+03
5.954220007837093362e+03
5.848110687829750532e+03
5.751700424402552926e+03
5.658206339547804419e+03
5.564088805981316909e+03
5.468845043602061196e+03
5.373764291640726697e+03
5.281286324237471490e+03
5.194408627984606937e+03
5.116684714725384765e+03
2.302025369422739459e+03
2.025668082635413157e+03
1.742838494450938015e+03
1.498375236820040300e+03
1.306634223037821357e+03
1.162144714005753485e+03
1.054470513850832504e+03
9.696488869514378166e+02
8.999744788297230116e+02
8.423638135083529050e+02
7.969101131585612166e+02
7.659229467726381699e+02
7.507207787605875637e+02
7.496125722025572031e+02
7.586523393103288981e+02
7.732632918403105577e+02
7.895406802259176402e+02
8.043309003383492382e+02
8.164463355713260171e+02
8.274659925547875901e+02
8.394336857671041798e+02
8.541926815841097778e+02
8.728101418821051993e+02
8.950130713395074054e+02
9.196950737919160019e+02
9.452365287305965467e+02
9.701890302339061236e+02
9.935101274780099629e+02
1.014904787553330607e+03
1.034637961695240847e+03
1.053411255626214370e+03
1.071897384188827345e+03
1.090390340849886343e+03
1.108840133631544631e+03
1.127023137332412261e+03
1.144499782868442253e+03
