4.560294840217425372e+04
4.025726113735025865e+04
3.478482590540897218e+04
3.005516042476426082e+04
2.639599759150031605e+04
2.375910394070241819e+04
2.195046750394487390e+04
2.060774826156323252e+04
1.947942876487391914e+04
1.836333495194650095e+04
1.711753936381722451e+04
1.573160594936618327e+04
1.430117605778944926e+04
1.294391478787070628e+04
1.174648149722002927e+04
1.075995053368186927e+04
9.999583726936161838e+03
9.441468874590304040e+03
9.031088945483990756e+03
8.702505756952017691e+03
8.398090539863900631e+03
8.078011996576191450e+03
7.724620556398270310e+03
7.341837412537691307e+03
6.944753574972002752e+03
6.555250220541738599e+03
6.193741463300847499e+03
5.877271275754284034e+03
5.610918683053025234e+03
5.390454877393494826e+03
5.206035043448692704e+03
5.044292931367065648e+03
4.895028521218984679e+03
4.750859600050463996e+03
4.604721408957877429e+03
4.449889798418916143e+03
1.899246520860779128e+04
1.667480761144812277e+04
1.432436955841860618e+04
1.230530285349405676e+04
1.074672793729743898e+04
9.617515105189493624e+03
8.831110306954451517e+03
8.237811050901558701e+03
7.736924163262312504e+03
7.253774864341394277e+03
6.740331497834659785e+03
6.196130555113883929e+03
5.655512529252986496e+03
5.156397483761226795e+03
4.722778139066937911e+03
4.364257778990091538e+03
4.078584903766694879e+03
3.853033652780014108e+03
3.668697858499872382e+03
3.508032762297586032e+03
3.358293749359454523e+03
3.212297574209073446e+03
3.068816196437689086e+03
2.929684642857347171e+03
2.797767070374914056e+03
2.675202328766498795e+03
2.562471772383861207e+03
2.458237737498959632e+03
2.360711728428001607e+03
2.267397115995441254e+03
2.177021682125985990e+03
2.089042705064507572e+03
2.003573363761481232e+03
1.921474052611519483e+03
1.843914536903765111e+03
1.772409286956033611e+03
9.924371047662898491e+02
8.658789283440746658e+02
7.415317874731445045e+02
6.374475132172810845e+02
5.586572798757442797e+02
5.018495322688322631e+02
4.619273248777353729e+02
4.317895704457005195e+02
4.071621248284263856e+02
3.857234272974583291e+02
3.665222174616756092e+02
3.498361582637780884e+02
3.363204404115067518e+02
3.261046000429987544e+02
3.186392094636184993e+02
3.129183694379617009e+02
3.079326129756736918e+02
3.029455619403770470e+02
2.976642980590277148e+02
2.925594789058641254e+02
2.882692325248672205e+02
2.853292946608298735e+02
2.840848638285360721e+02
2.844184754858006272e+02
2.859523135972226555e+02
2.880622302990677781e+02
2.901416160150556607e+02
2.916372150445072293e+02
2.923390776608234773e+02
2.923119183768453695e+02
2.917770928525178533e+02
2.910780707083836205e+02
2.904320734667669512e+02
2.899388915193403591e+02
2.896672355424279885e+02
2.896479198466413436e+02
