1.538002327318501557e+04
1.369811662210201575e+04
1.194409191133982677e+04
1.040468004594148078e+04
9.197773186473650640e+03
8.317123557904416884e+03
7.712081813011716804e+03
7.269614799569867500e+03
6.906268914183069683e+03
6.555807696349333128e+03
6.166857761554603712e+03
5.726202679321871983e+03
5.259244684270130165e+03
4.804434169526022743e+03
4.393527990463611786e+03
4.047078560077293787e+03
3.774710769525080650e+03
3.573576995726813038e+03
3.428561491342242334e+03
3.318237266221335631e+03
3.221554553616861995e+03
3.121685643105121926e+03
3.009624053600346997e+03
2.883438963907399739e+03
2.747137042283855408e+03
2.607950892115632996e+03
2.474095754840375776e+03
2.353121908337231162e+03
2.250044262515804803e+03
2.164776830707844056e+03
2.095184924741854957e+03
2.036443391142659038e+03
1.983790295602017068e+03
1.933708283687682297e+03
1.882992052935062020e+03
1.828492498485716169e+03
1.161107191335646166e+04
1.028110486467010924e+04
8.882678689768135882e+03
7.644542190322117676e+03
6.663338665721548750e+03
5.936266928712024310e+03
5.427700754968390356e+03
5.052885812568843903e+03
4.746373286709063905e+03
4.459488545671882093e+03
4.153841448379830581e+03
3.815694637533759305e+03
3.460001823813788633e+03
3.112862022532065112e+03
2.796537593907874907e+03
2.524566277591369726e+03
2.303100088082851471e+03
2.130707051180628241e+03
1.997854443509047996e+03
1.891486302057075363e+03
1.798394062402802092e+03
1.707830341805733269e+03
1.614038055356944596e+03
1.514635057175314387e+03
1.411472686693154174e+03
1.307506226459701111e+03
1.206560951575061154e+03
1.111494809701321174e+03
1.025136988944439963e+03
9.474019875175413290e+02
8.775498871088659598e+02
8.138265405247882427e+02
7.539809284358408377e+02
6.966513614682042999e+02
6.410539848664403735e+02
5.865575444304242865e+02
1.210400659321787316e+03
1.077638452263252475e+03
9.349492687502333865e+02
8.062259075655920242e+02
7.022227792713147210e+02
6.234559044633870144e+02
5.672444832685987421e+02
5.263924329781625602e+02
4.942216561779023323e+02
4.665828891232804381e+02
4.400773665184146921e+02
4.124571557245781150e+02
3.838939785063034833e+02
3.559343353521917379e+02
3.301731473776503663e+02
3.074108536956300668e+02
2.879885666570917238e+02
2.719425949836106611e+02
2.588810534270685366e+02
2.483563879773855660e+02
2.397509996956175655e+02
2.325986769075909706e+02
2.264887294191898945e+02
2.210466088888829290e+02
2.161551399885686351e+02
2.115656553211845221e+02
2.071604282806317769e+02
2.027254259153621661e+02
1.981791544333782440e+02
1.936657494065398168e+02
1.891521319806860220e+02
1.848757698207834892e+02
1.809149184618528352e+02
1.772786582658520729e+02
1.741010038911808806e+02
1.715203395090576350e+02
