1.624628692277339906e+04
1.489941271689867426e+04
1.335490858881916574e+04
1.191134376786138819e+04
1.071527320689516273e+04
9.790187655918627570e+03
9.114805108436346927e+03
8.596069381461129524e+03
8.157428957014228217e+03
7.741449802057972192e+03
7.301988890287781942e+03
6.821481354843936060e+03
6.317866721106390287e+03
5.825644404402490181e+03
5.375477914926917947e+03
4.986831545474744416e+03
4.669161948451643184e+03
4.421394838780853206e+03
4.231980949808746118e+03
4.082057312341400575e+03
3.950764761426313271e+03
3.821830147887195380e+03
3.685110285379328161e+03
3.537974023390385810e+03
3.383125438152404058e+03
3.226655023577927750e+03
3.075516241164888015e+03
2.936197276136908386e+03
2.813096750823925959e+03
2.708336949399138575e+03
2.619289340970357443e+03
2.542393737292420155e+03
2.473645646570297686e+03
2.408988260445586093e+03
2.344479926046913533e+03
2.276320847547227913e+03
1.295973237381530998e+04
1.174148810848675566e+04
1.038100567741134000e+04
9.130122815211039779e+03
8.104517288463549448e+03
7.314699193837152961e+03
6.732979161059986836e+03
6.275456906769709349e+03
5.880242444034755863e+03
5.501519965713881902e+03
5.105613612263640789e+03
4.685893931986381176e+03
4.262079196243157639e+03
3.861600992698402933e+03
3.504889092689013523e+03
3.202287763468452340e+03
2.956044792896337640e+03
2.760189391825935672e+03
2.602176007125943670e+03
2.467118321016955633e+03
2.341248086757331748e+03
2.216040511627967589e+03
2.088147010649561707e+03
1.958221703541036050e+03
1.829850974932209056e+03
1.706773380909177831e+03
1.592292292043483030e+03
1.488212154665772914e+03
1.394866340802030663e+03
1.310548312171904172e+03
1.232426982366467655e+03
1.158326673270188394e+03
1.086572581687761613e+03
1.015863688630000070e+03
9.451874903621079511e+02
8.738614213198774223e+02
1.151979328215260466e+03
1.023451304545223138e+03
8.900802540004160619e+02
7.740225658770259543e+02
6.830203937275082353e+02
6.153281048926764925e+02
5.655049765221556299e+02
5.248723208888277441e+02
4.887218157771103506e+02
4.537448917164301747e+02
4.184570730507439293e+02
3.844089226667856565e+02
3.542470965062379946e+02
3.296140649804592613e+02
3.106789114819625865e+02
2.967237802647769058e+02
2.865177968206635342e+02
2.783835229093710950e+02
2.708413594499165811e+02
2.631296591901082138e+02
2.551804386603753301e+02
2.474800717677981083e+02
2.408348595052598284e+02
2.357092348766229861e+02
2.323963005158907436e+02
2.307031370512834201e+02
2.302174619033592080e+02
2.302835983874094836e+02
2.303654903112069405e+02
2.298188024966182184e+02
2.286292497012182139e+02
2.269341661425169150e+02
2.249943931966697619e+02
2.230706941786077095e+02
2.214513536883195002e+02
2.204540146089226482e+02
