2.271000000000000102e-02
2.768276999999999891e-02
3.265553999999999679e-02
3.762830999999999815e-02
4.260109000000000118e-02
4.757386000000000253e-02
5.254662999999999695e-02
5.751939999999999831e-02
6.249216999999999966e-02
6.746494000000000102e-02
7.243771000000000237e-02
7.741048999999999847e-02
8.238325999999999982e-02
8.735603000000000118e-02
9.232880000000000253e-02
9.730157000000000389e-02
1.022742999999999985e-01
1.072470999999999980e-01
1.122198999999999974e-01
1.171926999999999969e-01
1.221653999999999934e-01
1.271382000000000068e-01
1.321110000000000062e-01
1.370837000000000028e-01
1.420565000000000022e-01
1.470293000000000017e-01
1.520021000000000011e-01
1.569747999999999977e-01
1.619475999999999971e-01
1.669203999999999966e-01
1.718930999999999931e-01
1.768658999999999926e-01
1.818386999999999920e-01
1.868114999999999915e-01
1.917841999999999880e-01
1.967569999999999875e-01
