1.588977832791266883e+04
1.438294963529504457e+04
1.273374750720571319e+04
1.123740847675903569e+04
1.002878898350015879e+04
9.117981152675780322e+03
8.471374588678048895e+03
7.985410513359717697e+03
7.579807212539654756e+03
7.193268564598914054e+03
6.776584359355107154e+03
6.313829886581030223e+03
5.826018897734173152e+03
5.349914945058932062e+03
4.916721469555946896e+03
4.546470776742848102e+03
4.248821761978842915e+03
4.021957327323056688e+03
3.853031986603944915e+03
3.721558042400683007e+03
3.606578951150293506e+03
3.491472309460766155e+03
3.366212527159506863e+03
3.228959303705879847e+03
3.082624581026640044e+03
2.934000641522418391e+03
2.790517599690197130e+03
2.659530026160296984e+03
2.545212039506908241e+03
2.449275470610889897e+03
2.369383864208824434e+03
2.300843798381828947e+03
2.239519258154552517e+03
2.181721714324435652e+03
2.123846365210614294e+03
2.062384702979886697e+03
1.238648490280010265e+04
1.110753819500867394e+04
9.720549202208330826e+03
8.468058091282362511e+03
7.457367443989198364e+03
6.692633267557008367e+03
6.142657307722362930e+03
5.722415303193098225e+03
5.367602655339193916e+03
5.030841166114187217e+03
4.676067452194813086e+03
4.293541415147002226e+03
3.900475903294187447e+03
3.523917887477067779e+03
3.185133084437174148e+03
2.896131208301717379e+03
2.660927833011490748e+03
2.475453018654716743e+03
2.328862925879474460e+03
2.206818633512608358e+03
2.095986370392563003e+03
1.986762379216743284e+03
1.874248222852111667e+03
1.758331407926586508e+03
1.641259620282352671e+03
1.526763523535277500e+03
1.418210475119433113e+03
1.318272879125951931e+03
1.227739654989479504e+03
1.146121108275806819e+03
1.071609816789309889e+03
1.001842187943128010e+03
9.351488414826245616e+02
8.703920374413554555e+02
8.066412472371454214e+02
7.432018203440525212e+02
1.193061662069412705e+03
1.062630836795873620e+03
9.246302957981833970e+02
8.022123918668130500e+02
7.046696353624292897e+02
6.312675903497220133e+02
5.781247083319985904e+02
5.371348982624385826e+02
5.025987722962499902e+02
4.707444447712264264e+02
4.391549501951762977e+02
4.076105387615243671e+02
3.775965370191838701e+02
3.507923007379345108e+02
3.280799111130172605e+02
3.095114313547255733e+02
2.945945280186410855e+02
2.824361659806907028e+02
2.720553232567242503e+02
2.627904506343870707e+02
2.543033171982594922e+02
2.465607141268860687e+02
2.397458217241721741e+02
2.340315987795693218e+02
2.294795944083889481e+02
2.259667486783853292e+02
2.232190583405440520e+02
2.208485717055418718e+02
2.185030967752265951e+02
2.159030256739151810e+02
2.130006775146819109e+02
2.099160068633990477e+02
2.068175064526451479e+02
2.038947898753438039e+02
2.013487042505211093e+02
1.993958498161071020e+02
