7.532154997680330416e+04
6.782769035483383050e+04
5.964567494093699497e+04
5.223345101907807111e+04
4.625123098054721777e+04
4.174131029786526051e+04
3.853054856526682852e+04
3.610698470223369077e+04
3.407706371659303113e+04
3.214433102780039189e+04
3.007575978255575319e+04
2.780134685715825253e+04
2.542641241811058717e+04
2.312682403841173073e+04
2.104759202849067151e+04
1.927764270720087370e+04
1.785524091821140246e+04
1.676470858576231331e+04
1.594121898874716135e+04
1.528902762867029196e+04
1.471382600489022661e+04
1.414348106486018878e+04
1.353699102076158670e+04
1.288919701672047813e+04
1.221459252819700669e+04
1.154256177650310383e+04
1.090324559528096688e+04
1.032471497203168838e+04
9.820995230766515306e+03
9.395746831931191991e+03
9.037549201550591533e+03
8.726706798636088934e+03
8.446982185825752822e+03
8.184783171168547597e+03
7.927195772984883661e+03
7.662109546554659573e+03
3.230067749548728898e+04
2.889428971319086850e+04
2.525386558339118710e+04
2.200597170502494919e+04
1.941192471080039832e+04
1.746297426326564528e+04
1.606182362477319657e+04
1.498802980847312392e+04
1.408217285480715145e+04
1.323468761176419503e+04
1.237149643904723780e+04
1.148189789004187696e+04
1.060919743280152579e+04
9.808047155009449853e+03
9.113119287786579662e+03
8.535487797442177907e+03
8.068757221973249216e+03
7.692066461290836742e+03
7.377508669157166878e+03
7.100726277204545113e+03
6.844926830834292559e+03
6.602594359446555245e+03
6.374307706556381163e+03
6.164196568755808585e+03
5.975957186675525008e+03
5.810560627947129433e+03
5.665364664987579090e+03
5.534483858414729184e+03
5.411010684790763662e+03
5.288323851043005561e+03
5.163634108308676332e+03
5.037484068611104703e+03
4.912022014711160409e+03
4.790448775485566330e+03
4.676720595020207838e+03
4.575636618734772128e+03
1.646594962694678543e+03
1.451182844902396027e+03
1.256683418781598448e+03
1.093331937527425907e+03
9.696483754845066869e+02
8.803831260175538773e+02
8.172420094568551576e+02
7.696139543663866789e+02
7.315369774441860500e+02
7.005107783923631359e+02
6.764762788532116247e+02
6.609318902909653843e+02
6.546568236076618632e+02
6.564562556656856032e+02
6.636737193939552526e+02
6.731455761588131281e+02
6.820871529924952483e+02
6.884817281501973412e+02
6.917985238347473569e+02
6.936117438623659837e+02
6.959115489695359429e+02
7.004426974526122649e+02
7.082892808768947361e+02
7.193491591714182505e+02
7.327591252839347362e+02
7.471038418225725763e+02
7.610128454404157310e+02
7.733686776669401297e+02
7.837633885606628610e+02
7.923480960621827762e+02
7.997077180073729323e+02
8.065760160162753891e+02
8.133636827909581370e+02
8.201812052624454736e+02
8.269912982920086506e+02
8.335730798698336912e+02
