7.859278457213783986e+04
7.189799380618428404e+04
6.414599653299133206e+04
5.684606131827345234e+04
5.075355084552661719e+04
4.600499535171082243e+04
4.251116263773709943e+04
3.983200231065947446e+04
3.758020054094216175e+04
3.547594040812736785e+04
3.329584639271505876e+04
3.094102899799023726e+04
2.848187824348897630e+04
2.607672461606146680e+04
2.387133270507229099e+04
2.195743334685535956e+04
2.037787252946479566e+04
1.912778667902179586e+04
1.815752027930344775e+04
1.738406170281620143e+04
1.671559160462112050e+04
1.607816721626300932e+04
1.542448250165083846e+04
1.474123789754760583e+04
1.403555978279553165e+04
1.333150497181598621e+04
1.265501539543822582e+04
1.203095102587724068e+04
1.147479860805465978e+04
1.099513737363409746e+04
1.058356561208393032e+04
1.022528178513170496e+04
9.905661878614060697e+03
9.610363048981380416e+03
9.325907445187001940e+03
9.039870301142933386e+03
3.715132967769782408e+04
3.363128759064459882e+04
2.971213567432898344e+04
2.611654922305309083e+04
2.317113183085077617e+04
2.089802764212276816e+04
1.921568809831558610e+04
1.789890357412962840e+04
1.677714322715709204e+04
1.573713825154757978e+04
1.470380249178427948e+04
1.366449829876082913e+04
1.266374547221342982e+04
1.175774022962089293e+04
1.098068172810237593e+04
1.033960507136279921e+04
9.823120847711677925e+03
9.404366051164715827e+03
9.050912816120908246e+03
8.736618162335294983e+03
8.443775510881670925e+03
8.167376825535408898e+03
7.910962073475824582e+03
7.681349745195457217e+03
7.483997228209371315e+03
7.319386618777762123e+03
7.183431434594225721e+03
7.068064523979632213e+03
6.963191213215550306e+03
6.858677571784683096e+03
6.749006232948315301e+03
6.633725514563960132e+03
6.515238893915940025e+03
6.397772168024460370e+03
6.286535536123086786e+03
6.187750493796276714e+03
1.920915187167032855e+03
1.686847993340506946e+03
1.454768253717553307e+03
1.261035825974329782e+03
1.115148044013891194e+03
1.010041511650459142e+03
9.348277573631858104e+02
8.763998250075383112e+02
8.290825774930199259e+02
7.908899928983755672e+02
7.629438176140047290e+02
7.487642816295428929e+02
7.501469480815521820e+02
7.650266720561467082e+02
7.887760015273452154e+02
8.162570430839587061e+02
8.431548959099200147e+02
8.660296815254478133e+02
8.840043358106786400e+02
8.991576911103493330e+02
9.142337301122242934e+02
9.318101957198623495e+02
9.534755142740414158e+02
9.790547972939921237e+02
1.007297784880574909e+03
1.036246195357775832e+03
1.064068368382396329e+03
1.089402052763864049e+03
1.111869775794129055e+03
1.131817738523467597e+03
1.150409169634556747e+03
1.168621270151183126e+03
1.186989361674579413e+03
1.205576243379498919e+03
1.224194479904635955e+03
1.242343295685302110e+03
