7.085457451021479210e+04
6.256219806036887167e+04
5.403363294499889889e+04
4.663405342908460443e+04
4.089023756273706385e+04
3.673803655616137985e+04
3.388862336462003441e+04
3.177886463885694320e+04
3.001321384621239849e+04
2.827377311872131395e+04
2.633166935956274756e+04
2.416048943125673395e+04
2.190562577902877820e+04
1.975338435135145119e+04
1.784454052404647882e+04
1.626419687732940110e+04
1.504159098083174285e+04
1.414418355042115581e+04
1.348838218908782437e+04
1.296951433244670261e+04
1.249398572262032030e+04
1.199476286294956662e+04
1.144082031768156594e+04
1.083567779298780988e+04
1.020265765838350853e+04
9.577088522050718893e+03
8.993204642746932223e+03
8.480293205581370785e+03
8.049578473691830368e+03
7.695295885152170740e+03
7.402542875300032392e+03
7.149255652667663526e+03
6.917693779085118877e+03
6.695115559236057379e+03
6.469435431527244873e+03
6.229104936589546014e+03
2.651039135941282802e+04
2.335855629810441678e+04
2.012982977467742603e+04
1.733482250830203702e+04
1.516456215167610389e+04
1.358389328497836323e+04
1.248541892416556948e+04
1.166580493652814766e+04
1.098417701049976677e+04
1.033822135223889927e+04
9.658213487198750954e+03
8.934904418619204080e+03
8.209898541454329461e+03
7.534141385225706472e+03
6.941806226320547466e+03
6.447099097142465325e+03
6.048783711652086822e+03
5.732548402999152131e+03
5.474764066457972149e+03
5.253258479701346914e+03
5.051440094749381387e+03
4.858925663243288909e+03
4.673717962350672678e+03
4.496538242691080995e+03
4.330255743890684244e+03
4.176234652128151538e+03
4.034047832700773142e+03
3.900399589992998699e+03
3.773415293562942679e+03
3.649714739097904840e+03
3.528640170216906881e+03
3.410597575622902241e+03
3.296284295705115255e+03
3.187762781789969722e+03
3.087774046605733929e+03
2.999659202497101433e+03
1.302375244384435064e+03
1.147566831482876296e+03
9.924511768147531257e+02
8.607506157705320220e+02
7.600834749945715885e+02
6.869863463547517313e+02
6.361737365621338540e+02
5.992729635544274061e+02
5.707094623155626323e+02
5.478147352847045113e+02
5.292523273533261090e+02
5.145058924162694893e+02
5.035864493587341713e+02
4.961690820018438899e+02
4.913532647837855620e+02
4.877027603386650298e+02
4.839469295422886717e+02
4.794018855329195503e+02
4.739334069436717982e+02
4.685330678301443186e+02
4.643078242260062325e+02
4.621104103790048612e+02
4.624494400452513219e+02
4.650738434042796143e+02
4.694061481260923756e+02
4.744509209714274220e+02
4.793249142115828363e+02
4.832007044431520626e+02
4.857101555901153915e+02
4.870058829619715652e+02
4.873461717376703746e+02
4.872797406550180312e+02
4.871516653843932545e+02
4.870596151567519883e+02
4.870392673645806099e+02
4.870387118723674575e+02
