6.515066275785762991e+04
5.959573244574903219e+04
5.317534148404943699e+04
4.713774544689026516e+04
4.210567011515148624e+04
3.818926197049384064e+04
3.531237425752807758e+04
3.310413496007980575e+04
3.124405943372153342e+04
2.949790585680802178e+04
2.767779192682019493e+04
2.570321185598094962e+04
2.363691924279155501e+04
2.161444930853085680e+04
1.975972443362153717e+04
1.815123744432383683e+04
1.682646184859817004e+04
1.578192347533599786e+04
1.497491892281708715e+04
1.433356153764661394e+04
1.377798373483582691e+04
1.324437735726531901e+04
1.269183500784296484e+04
1.210915023932126860e+04
1.150353155947413870e+04
1.089675310254321448e+04
1.031268418465419381e+04
9.774224596907806699e+03
9.295954253812136812e+03
8.886069171974981145e+03
8.536480168021873396e+03
8.234060100539216364e+03
7.965309772550337584e+03
7.716785266304575089e+03
7.475732420070400622e+03
7.230231475495821542e+03
3.182892665651547577e+04
2.881280458205973991e+04
2.545989974005014301e+04
2.238863043384251068e+04
1.987786607226094566e+04
1.794572105735426157e+04
1.652088924810118624e+04
1.540360312743705435e+04
1.444678461162835083e+04
1.354918176886031870e+04
1.264182923692341683e+04
1.171438704385859091e+04
1.080993423012650783e+04
9.982647679892086671e+03
9.267085340642221126e+03
8.673604174137568407e+03
8.195541161251261656e+03
7.810903106298923376e+03
7.490279006337097599e+03
7.207226667590350189e+03
6.941952175081280984e+03
6.686943047650446715e+03
6.443417523151065325e+03
6.217104312317759650e+03
6.014319794287233890e+03
5.837689201380857412e+03
5.686173982841906763e+03
5.554960998910766648e+03
5.436724821358659028e+03
5.323133864574566360e+03
5.208483682874559236e+03
5.091300854542403613e+03
4.972627816826954586e+03
4.855096408612328560e+03
4.742285245468369794e+03
4.638788269579182270e+03
1.661691067405176000e+03
1.459050389884665492e+03
1.258506501673618914e+03
1.091395761864911037e+03
9.658038049629685702e+02
8.756291549111301720e+02
8.109468564183443959e+02
7.595570398780546384e+02
7.163551766259370197e+02
6.790652985781925963e+02
6.483103864285276359e+02
6.276354128634120570e+02
6.195182442089790129e+02
6.230130230397826381e+02
6.346899358400514757e+02
6.504391898806152312e+02
6.665235344708380580e+02
6.796930323947981378e+02
6.888370681480409985e+02
6.952842623236911095e+02
7.012712186487378858e+02
7.091978209513981710e+02
7.208294601608849916e+02
7.363688593125998523e+02
7.550408885066481162e+02
7.752285931382839408e+02
7.952152232850867222e+02
8.134814419953945617e+02
8.293074553818505592e+02
8.425238724183418526e+02
8.540826681423686750e+02
8.648661130583427621e+02
8.755533773026213566e+02
8.865000430991140092e+02
8.979117098946740043e+02
9.097977298112541575e+02
