6.331092733978098113e+04
5.703594834038284898e+04
5.017730684282373113e+04
4.395875037202327803e+04
3.893652864559258887e+04
3.514877598872932867e+04
3.245247502880280081e+04
3.041812479075500596e+04
2.871458599942051296e+04
2.709128182587018819e+04
2.534992168516292077e+04
2.342959766062974813e+04
2.141869000660625898e+04
1.946682703205610596e+04
1.769855828952306183e+04
1.619142845819239301e+04
1.498010659705468606e+04
1.405311314454008243e+04
1.335618490069750806e+04
1.280718947929010028e+04
1.232431666397335357e+04
1.184431233075323507e+04
1.133056628664906566e+04
1.077787770219594313e+04
1.019857982782051658e+04
9.618605745681561530e+03
9.065066529273470223e+03
8.563680381824182405e+03
8.127842792563974399e+03
7.761719727132034677e+03
7.455539878011575638e+03
7.191748569727844369e+03
6.955589719958205023e+03
6.734483094805655128e+03
6.516385224197373645e+03
6.289878641652581791e+03
2.890682438927716794e+04
2.588018481443151541e+04
2.263300165255236789e+04
1.972718332814845053e+04
1.740082745972159682e+04
1.565063360357436977e+04
1.439318196565508879e+04
1.343091989288793775e+04
1.261933748500296133e+04
1.185728344695417945e+04
1.107411148719835728e+04
1.025716586183976324e+04
9.445733856218652363e+03
8.692320923730088907e+03
8.032498241383064851e+03
7.480469857906176912e+03
7.033948359589567190e+03
6.676228344047234714e+03
6.382077145695906438e+03
6.126881038243269359e+03
5.891993889631112324e+03
5.667349344338325864e+03
5.451097080148374516e+03
5.246349441341985766e+03
5.057063556322328623e+03
4.885875772463616158e+03
4.732514620075678067e+03
4.593878880755492901e+03
4.465123705086625705e+03
4.340938512223568068e+03
4.218309436235851535e+03
4.096514423788473323e+03
3.976451733281769975e+03
3.860144800395251423e+03
3.750322613219022060e+03
3.650513024774066253e+03
1.576590491493498121e+03
1.393332830723273219e+03
1.208406669476957177e+03
1.051129208254995319e+03
9.306063978222955484e+02
8.427372073956757959e+02
7.802091661762151489e+02
7.327282157250174350e+02
6.941826277727104753e+02
6.616291446541308687e+02
6.343771526188666030e+02
6.135682350825791218e+02
6.002785601031209808e+02
5.940988218630709525e+02
5.932290855804876628e+02
5.952010539927077843e+02
5.976429869656358278e+02
5.986605169377417042e+02
5.975195040196094851e+02
5.952670794239629686e+02
5.934667298966605813e+02
5.936378607253091104e+02
5.968624783454570206e+02
6.032361668002122315e+02
6.121561562413817228e+02
6.224281361982693852e+02
6.327700758317937471e+02
6.419974108717274248e+02
6.495101711792499373e+02
6.552024289203659464e+02
6.595097155258126804e+02
6.631351864095481687e+02
6.665688737976511220e+02
6.700842575581668825e+02
6.738555790298114516e+02
6.779364018713772566e+02
