6.060944061608138873e+04
5.357599077586257044e+04
4.631420245965135109e+04
3.999296473984609474e+04
3.507184186408839014e+04
3.150395856409273256e+04
2.905369657971389461e+04
2.724404408150832023e+04
2.573606744395753049e+04
2.425801466128234824e+04
2.260999328101344872e+04
2.076118946260445955e+04
1.883119369443238247e+04
1.697951471024118655e+04
1.532948102579727856e+04
1.395713827841390594e+04
1.289138073565800187e+04
1.210851710211076352e+04
1.153918152642767564e+04
1.109371364033073223e+04
1.069011520434764680e+04
1.026773733239788271e+04
9.797409656705469388e+03
9.279593664392556093e+03
8.733578550431597250e+03
8.189847709563669923e+03
7.679084765685888669e+03
7.228065219094587519e+03
6.849179792140793325e+03
6.538382768731729811e+03
6.283721495136072917e+03
6.065744318093657057e+03
5.867997797354113573e+03
5.678706410655606305e+03
5.486780867721437971e+03
5.281546507247796399e+03
2.522830694398651030e+04
2.227778076294258790e+04
1.922561771879005755e+04
1.656145135517082235e+04
1.447759719179831336e+04
1.294982511291796254e+04
1.188642904957422797e+04
1.109779560115399909e+04
1.044778059596697312e+04
9.837587507473905134e+03
9.195778107159454521e+03
8.505654529800736782e+03
7.803183546426140310e+03
7.138354607880962249e+03
6.547827195987843879e+03
6.049245981430780375e+03
5.645536405156154615e+03
5.326664643282140787e+03
5.071248036435042195e+03
4.856961830932732482e+03
4.665195215983178969e+03
4.482624412620389194e+03
4.304852759026896820e+03
4.130687174123953810e+03
3.962978127325392961e+03
3.803863826063914530e+03
3.654759131433886978e+03
3.514260185099918999e+03
3.382579845150517940e+03
3.257015164990841185e+03
3.136936003718016764e+03
3.021978270414135295e+03
2.911650001828713812e+03
2.807103936609782068e+03
2.710310768868846935e+03
2.623792863292411312e+03
1.420965969214281358e+03
1.258962271708427579e+03
1.092036539923545206e+03
9.468131422881597246e+02
8.332825822208305908e+02
7.493020935459626344e+02
6.903341992939258489e+02
6.477981219092907850e+02
6.150824992309080699e+02
5.888496449630238203e+02
5.669232514605446340e+02
5.478832651469347184e+02
5.315394611735437138e+02
5.179979239926924492e+02
5.070160400916656727e+02
4.976514656830258900e+02
4.889636927732444747e+02
4.804540673809815416e+02
4.718976483659771475e+02
4.640404502311957913e+02
4.576878726228733285e+02
4.534997603916817752e+02
4.518721473813384364e+02
4.525330131834234635e+02
4.550186770253321811e+02
4.583777353485616004e+02
4.617838177408561933e+02
4.643620703177898577e+02
4.656341724285316559e+02
4.657064579788961964e+02
4.647255470093546137e+02
4.632686569602392410e+02
4.617297651697072070e+02
4.602556210750426544e+02
4.589761767149411753e+02
4.579526389360139547e+02
