5.282705257658044866e+04
4.762257486476619670e+04
4.192775878769800329e+04
3.676118715294614958e+04
3.258751197552020312e+04
2.944060706625625608e+04
2.720334456799281907e+04
2.551834417490949272e+04
2.410920213843028978e+04
2.276579806435089995e+04
2.132068253341855598e+04
1.972119431011455163e+04
1.804073595230459614e+04
1.640542338870052117e+04
1.492123645059802948e+04
1.365515774369420251e+04
1.263824852372428177e+04
1.186244941744363314e+04
1.128282056070139515e+04
1.082963838647053853e+04
1.043263392295921403e+04
1.003687819533692891e+04
9.610009805820000111e+03
9.146892343662850180e+03
8.657857039109636389e+03
8.165504591570154844e+03
7.693916696074426000e+03
7.266350077356541988e+03
6.895392747312595020e+03
6.585525084243724450e+03
6.328526965685023242e+03
6.108972913692586189e+03
5.913633706855558557e+03
5.731018949048917420e+03
5.550052526032410242e+03
5.360132975749740581e+03
2.525121627885046837e+04
2.262756268959192312e+04
1.980216244217314306e+04
1.726673567042772629e+04
1.523273737596529827e+04
1.370105864598940752e+04
1.260190850308922199e+04
1.176251051692623696e+04
1.105507563729904359e+04
1.038862476790332403e+04
9.697737401811744348e+03
8.968686104110391170e+03
8.236156553164224533e+03
7.548994561597248321e+03
6.942103663559686538e+03
6.431566987678294026e+03
6.018383988315903480e+03
5.689719777516822433e+03
5.423384287808503359e+03
5.195518240337716634e+03
4.986693127723537145e+03
4.785146728401164182e+03
4.587093624819751312e+03
4.394641285057701680e+03
4.211743915789023958e+03
4.042250228030700328e+03
3.887827089011705084e+03
3.747803430311293596e+03
3.619274908237231102e+03
3.498292676178728470e+03
3.381810976122236752e+03
3.268093882682202093e+03
3.156934680531945560e+03
3.049238098958653154e+03
2.946533627127324053e+03
2.851061519952241724e+03
1.450474984586871869e+03
1.285537619795719365e+03
1.116948561312525271e+03
9.719631333962952340e+02
8.597491954028519103e+02
7.773195667318323103e+02
7.184928797843549546e+02
6.736922507971084997e+02
6.369494073926398414e+02
6.050736741770906519e+02
5.768562510334886611e+02
5.530555750316498234e+02
5.349176857693137208e+02
5.226986956448690762e+02
5.154099174396451417e+02
5.113093205194873008e+02
5.085260711843693571e+02
5.053976378508514244e+02
5.010738057054068122e+02
4.961008492646433297e+02
4.915607275446136555e+02
4.886425398804203724e+02
4.883062561520337113e+02
4.907690167210316758e+02
4.956661080826625039e+02
5.020759091999634620e+02
5.089065302768926813e+02
5.150459309239154209e+02
5.198191077172086807e+02
5.229477872382981332e+02
5.247152789764722911e+02
5.257275272971414779e+02
5.264796550373730497e+02
5.273348206083542209e+02
5.286009571093882187e+02
5.305214295627879437e+02
