5.392200959598425834e+04
4.932921203299392073e+04
4.403131690364747192e+04
3.905797893150306481e+04
3.492084598070179345e+04
3.170825550180481514e+04
2.935476053580965527e+04
2.754877738501220301e+04
2.602573830220963282e+04
2.459003816217034182e+04
2.308423733180166164e+04
2.144327848497247760e+04
1.972273484749841737e+04
1.803792571060663613e+04
1.649351147904259415e+04
1.515614122290964406e+04
1.405818667110964088e+04
1.319704523840687216e+04
1.253593423004113174e+04
1.201297433607942367e+04
1.155924348273157375e+04
1.112008809979200305e+04
1.066061159247716569e+04
1.017142740738473913e+04
9.659726459423993219e+03
9.144944115359550779e+03
8.648771022901901233e+03
8.191908507112681036e+03
7.787881036609030161e+03
7.444124561800370429e+03
7.152990116248729464e+03
6.902962057005302995e+03
6.681699433307880099e+03
6.476795358342194049e+03
6.276380544011146412e+03
6.069230241081651002e+03
2.702230285735108919e+04
2.446040594046694969e+04
2.161762406681619541e+04
1.901836472860049980e+04
1.689830368778441698e+04
1.527210782210156322e+04
1.407727571248688946e+04
1.313912643175483572e+04
1.233194585813940648e+04
1.156634885876770204e+04
1.078027108159525960e+04
9.965721104541400564e+03
9.163318848450964651e+03
8.423703729026561632e+03
7.780196558375533641e+03
7.244959425313522843e+03
6.814717738828089750e+03
6.471531632368094506e+03
6.188840243013263716e+03
5.940861078515927147e+03
5.707071613376527239e+03
5.478375286770262392e+03
5.254461194024586803e+03
5.039993715451254502e+03
4.841832412263095648e+03
4.664050985402936021e+03
4.507992552493546100e+03
4.371386653918805678e+03
4.249397341793018313e+03
4.135109882605355779e+03
4.022889813850856626e+03
3.910516223468825501e+03
3.797841146528240188e+03
3.686060383396482393e+03
3.577224025000147776e+03
3.474321527168207467e+03
1.419285313134783792e+03
1.246164321201857092e+03
1.075246335313026066e+03
9.331968542795184476e+02
8.267796900846296921e+02
7.508379717586522020e+02
6.963360156365142757e+02
6.522564558615049464e+02
6.140371043809700495e+02
5.792251109238277422e+02
5.480557438655250735e+02
5.240036290943844506e+02
5.099359476395875390e+02
5.057480439389237290e+02
5.089993468100119571e+02
5.165098532045258253e+02
5.251339173279675379e+02
5.319111139777833159e+02
5.355332074048646973e+02
5.366799325242891427e+02
5.370735119252676668e+02
5.387896694016926631e+02
5.436045340831178692e+02
5.519591991927354684e+02
5.634787003025485319e+02
5.769133913115583709e+02
5.907831032602716732e+02
6.035815404358872911e+02
6.144464756276815933e+02
6.228391594732779595e+02
6.295021953588270662e+02
6.351674350158818925e+02
6.405470265878630016e+02
6.461449061564721887e+02
6.523962786757419963e+02
6.596391901592669456e+02
