5.113538542039699678e+04
4.526478635463288083e+04
3.917916808761803259e+04
3.386453406268696563e+04
2.971588333132224216e+04
2.670091661402213867e+04
2.463072239426529995e+04
2.310768491815239395e+04
2.184542697891123680e+04
2.061489319296138274e+04
1.924394408547071362e+04
1.769925102978317955e+04
1.607715078158340839e+04
1.451204090557960444e+04
1.311047221756412182e+04
1.193950005476230945e+04
1.102703998248625248e+04
1.035693367011902228e+04
9.872796078566159849e+03
9.499148554053590487e+03
9.165162666681371775e+03
8.816780873004157911e+03
8.426936739292019411e+03
7.993547041200775311e+03
7.532185290527511825e+03
7.068645334718928098e+03
6.630018034096467090e+03
6.240435429948474848e+03
5.912969921963299385e+03
5.645192992972412867e+03
5.427875276205018963e+03
5.244228312534698489e+03
5.079255867756344742e+03
4.922159548303810880e+03
4.762874733133883637e+03
4.591646495410152056e+03
2.293483441451532053e+04
2.029700102350614179e+04
1.754228164530099457e+04
1.511872026184203423e+04
1.320995767218110450e+04
1.180237372324641728e+04
1.082117357080644979e+04
1.009793101316531829e+04
9.506884930940816048e+03
8.956865513937695141e+03
8.378622728258571442e+03
7.750094373351403192e+03
7.100606032215366213e+03
6.476795491893560211e+03
5.915708062109099046e+03
5.437149823912725878e+03
5.047518323659911403e+03
4.740941758501517143e+03
4.499142922152350366e+03
4.300893987334558005e+03
4.126671060046166531e+03
3.961290921152678948e+03
3.798277089262989648e+03
3.634678986125400115e+03
3.473119231727630904e+03
3.316203671660233795e+03
3.166892628178192354e+03
3.025593943375052277e+03
2.894432264588965154e+03
2.771678819603703232e+03
2.656816947950575923e+03
2.548910104838892039e+03
2.446418993903716910e+03
2.349496088361766851e+03
2.259270706706705369e+03
2.177349575155084949e+03
1.429493525596913969e+03
1.272980895216973295e+03
1.107535737812728257e+03
9.605145522661296127e+02
8.433515984169353032e+02
7.554193438081565546e+02
6.931288309967603709e+02
6.484911215492229530e+02
6.143642800704346882e+02
5.870183205601406371e+02
5.636649682626484719e+02
5.420902639309042570e+02
5.218367527524578691e+02
5.033672005175203594e+02
4.871024455742644932e+02
4.726864924018400416e+02
4.596189961653608407e+02
4.476578987502580276e+02
4.365989237192234214e+02
4.269326105767395347e+02
4.190798741911439720e+02
4.134526385716608274e+02
4.102047501729189207e+02
4.090183300173025600e+02
4.095266334217694748e+02
4.108881938060444554e+02
4.124046100417313028e+02
4.132756430530625948e+02
4.129836373701050434e+02
4.116598527036089763e+02
4.093336379251550170e+02
4.065759155658188320e+02
4.037809038259938461e+02
4.010938655273421318e+02
3.987153789178014449e+02
3.968000217714852624e+02
