3.452027204102832911e+04
3.159623930685503001e+04
2.823741606730101194e+04
2.509611064154547785e+04
2.249367537301155971e+04
2.048280662789355847e+04
1.901781150749202061e+04
1.789431606876511069e+04
1.694433940552669083e+04
1.604084419172495836e+04
1.508116188280513234e+04
1.402636947619505190e+04
1.291683608310718228e+04
1.183005849470249268e+04
1.083524956779896092e+04
9.976897535060412338e+03
9.277192104475616361e+03
8.734582734688798155e+03
8.323333613821825566e+03
8.000754500557935899e+03
7.719364848056056871e+03
7.441938229460812181e+03
7.145269859570889821e+03
6.823261170232984114e+03
6.482412657817327272e+03
6.136990462159330491e+03
5.803528362741870296e+03
5.497452034719786752e+03
5.229500797483558927e+03
5.004752981579142215e+03
4.817080421104808920e+03
4.658170669455523239e+03
4.518405363734811544e+03
4.388042349400825515e+03
4.257609721970849023e+03
4.117951914690562262e+03
1.789443124625508790e+04
1.619843032989640051e+04
1.432222034904186512e+04
1.261227105581179421e+04
1.122334593024345122e+04
1.016485452430249279e+04
9.392208799478958099e+03
8.784350539646638936e+03
8.256658705829571772e+03
7.745398911589903037e+03
7.205147329441661896e+03
6.631852595685501910e+03
6.057457743283668606e+03
5.521255047096882663e+03
5.050333819746945665e+03
4.657184968455893795e+03
4.342825362683707681e+03
4.096394242321717684e+03
3.897893579778548428e+03
3.725699569306018020e+03
3.561324252006831557e+03
3.394737274321797941e+03
3.223990954103578133e+03
3.051709531704628716e+03
2.884592302283085701e+03
2.727966797782032700e+03
2.586130577535434895e+03
2.460315179510394046e+03
2.349820262646112951e+03
2.249999771201236854e+03
2.156176069075512714e+03
2.065317583786621981e+03
1.975482662553371938e+03
1.885544033047875473e+03
1.794922435220592433e+03
1.703654169969768645e+03
9.492637775806852005e+02
8.344546016177373531e+02
7.213215613024549384e+02
6.276100993048294185e+02
5.577620976649359363e+02
5.086354977922001126e+02
4.734069452431085665e+02
4.441690078825922683e+02
4.174722423277344205e+02
3.908831908811571338e+02
3.641089872745442335e+02
3.399712861348598381e+02
3.213607885686815280e+02
3.091982437724655028e+02
3.026377228790379377e+02
3.001362692101811263e+02
2.998049846622820951e+02
2.995213150837212197e+02
2.978085990923682402e+02
2.943450507832531002e+02
2.898564586543416226e+02
2.854935044487128835e+02
2.826680630383730204e+02
2.820129159129164691e+02
2.837237663504365628e+02
2.873205384283237436e+02
2.920051871993873647e+02
2.967050541730468467e+02
3.006554589343450061e+02
3.029852977747123077e+02
3.039936551712123673e+02
3.040166758157679396e+02
3.035623290524108597e+02
3.030833019429255728e+02
3.030584809961978863e+02
3.039912313671511583e+02
