3.406845877558905340e+04
3.076637921026740514e+04
2.714464419914864266e+04
2.385459200687649718e+04
2.119562329793007302e+04
1.919219091677327742e+04
1.777194110459900912e+04
1.670648247097223066e+04
1.581804078902683796e+04
1.497018404064008246e+04
1.405263541946648184e+04
1.302909532233149730e+04
1.194624061077798979e+04
1.088676110080251965e+04
9.921472947746169666e+03
9.096449252029491618e+03
8.434531594701897120e+03
7.932626299153877881e+03
7.562364142904789333e+03
7.277403386186084390e+03
7.029910716486374440e+03
6.781661316031054412e+03
6.509333225642456455e+03
6.208460104596519159e+03
5.885656446133434656e+03
5.556710719522479849e+03
5.239098963508578890e+03
4.950292797703737051e+03
4.700420379185789898e+03
4.493870000806278767e+03
4.325338114385664085e+03
4.183867323740470056e+03
4.059656654285463446e+03
3.943860887140248451e+03
3.827841087057125151e+03
3.703182488932954129e+03
1.731617448730325123e+04
1.554672587853169171e+04
1.362668069432656739e+04
1.189426099108653580e+04
1.049911529693508055e+04
9.446925916571564812e+03
8.694046446483855107e+03
8.121769441938539785e+03
7.640392462618412537e+03
7.183952685303504950e+03
6.702460802114963371e+03
6.182714394486793026e+03
5.648839282164803990e+03
5.138318757245154302e+03
4.680353002062150154e+03
4.291135741075088845e+03
3.975697092657451321e+03
3.727905622163350017e+03
3.532526948316617563e+03
3.369997439399596715e+03
3.222484728548709427e+03
3.077492751353696804e+03
2.929023494839341765e+03
2.777367513062718899e+03
2.625755600098484592e+03
2.479032326298772205e+03
2.341250758744243285e+03
2.215242706396785252e+03
2.101335986250142923e+03
1.998226053881687221e+03
1.903361032728406599e+03
1.813872963129819937e+03
1.727964977721136165e+03
1.644679014859569179e+03
1.563452213650251906e+03
1.484165417906026050e+03
1.074767533502665174e+03
9.581660897911260690e+02
8.359707333510414173e+02
7.287268795017062075e+02
6.443115668494865531e+02
5.816132312678819289e+02
5.368457258232865570e+02
5.027848547342255188e+02
4.745238971468106683e+02
4.489886859405814903e+02
4.244011897748496267e+02
4.008138607070986836e+02
3.794467663562718371e+02
3.613888874508184017e+02
3.469189667589944293e+02
3.356064683731642617e+02
3.266448219081889874e+02
3.190366684143295970e+02
3.119576058786810790e+02
3.051743410934850544e+02
2.988374197453599663e+02
2.933417008388055365e+02
2.891637069309317667e+02
2.865447700075023931e+02
2.854634042137872711e+02
2.855721473177982261e+02
2.863353706234547644e+02
2.870944760083229994e+02
2.873345061025711402e+02
2.867048059550636481e+02
2.852373735825281074e+02
2.832229249153076580e+02
2.809820205013738814e+02
2.788356076842926541e+02
2.771094647891079603e+02
2.761377821396699801e+02
