3.336644108687302651e+04
2.963651490741838279e+04
2.573607780735958659e+04
2.230607254871311306e+04
1.961302405491210084e+04
1.764630902447519838e+04
1.629595902758458396e+04
1.531074342065877863e+04
1.450360668911632092e+04
1.372586869877984282e+04
1.286105439965412734e+04
1.187741134676882939e+04
1.083094862171528439e+04
9.808512465324703953e+03
8.882827876631872641e+03
8.101565473841016683e+03
7.487864827202522065e+03
7.036641267769151455e+03
6.714530382429045858e+03
6.473057887760547601e+03
6.263897382346609447e+03
6.047966606100009813e+03
5.803932103065583760e+03
5.526645029740548125e+03
5.225044854784181553e+03
4.915711628749380907e+03
4.617857335021491963e+03
4.349370001386543663e+03
4.122602073404716066e+03
3.937841122097232983e+03
3.790487941424140445e+03
3.669388000914952499e+03
3.563256950544298434e+03
3.463633088286087514e+03
3.362855098514442943e+03
3.253404808898413194e+03
1.652450046483382903e+04
1.468810357442287568e+04
1.273440638222034249e+04
1.098964355590138985e+04
9.597475909271295677e+03
8.560237158646517855e+03
7.834761509904418745e+03
7.306241705034661209e+03
6.881053487488597966e+03
6.491511237857760534e+03
6.082084549990873711e+03
5.627411164559145618e+03
5.143482293136431508e+03
4.665207022698548826e+03
4.224533850546658869e+03
3.841272467320857686e+03
3.525583043655527945e+03
3.277990708154353342e+03
3.087554824712584832e+03
2.938036614237232243e+03
2.811517977176490149e+03
2.692708715774915618e+03
2.572644396484430672e+03
2.446114830741405967e+03
2.314640538020470103e+03
2.180831664095776432e+03
2.049252993266963585e+03
1.923026856692569709e+03
1.806715552656635055e+03
1.701070263144488990e+03
1.605921731258086311e+03
1.520038295008045225e+03
1.440639464923824335e+03
1.366063375191438809e+03
1.295865704466240004e+03
1.229898019543514692e+03
1.190283337852435579e+03
1.069777868358783962e+03
9.363421597002852650e+02
8.133826199263276067e+02
7.122339171825151425e+02
6.346321762770094210e+02
5.788253076902465182e+02
5.393601717705678311e+02
5.095535240322215031e+02
4.857634222462920661e+02
4.648562919998585130e+02
4.438001884266041088e+02
4.216413415641009124e+02
3.991621939840924824e+02
3.776870526660450196e+02
3.578788948637661633e+02
3.401055040829915015e+02
3.246250136938379001e+02
3.115546249149037976e+02
3.009928322758482864e+02
2.926660827865907777e+02
2.864882663582034183e+02
2.819644943691137087e+02
2.786554462969625092e+02
2.762273125305746362e+02
2.741499853353702747e+02
2.720631062522254524e+02
2.695831736922996242e+02
2.662791495436833884e+02
2.625837649627044357e+02
2.583346931998039508e+02
2.540593405185416032e+02
2.500264799052786202e+02
2.462375294297055461e+02
2.428955673076916355e+02
2.402048291377914211e+02
