5.104126176715279144e+04
4.596494018567167222e+04
4.044107296330630197e+04
3.545159890669666493e+04
3.142325682170429718e+04
2.844518052713534053e+04
2.626826536494538595e+04
2.461727170920059871e+04
2.322919414225528817e+04
2.190811845357596758e+04
2.051142574593329482e+04
1.899500320062122773e+04
1.742564937372973509e+04
1.591494287256002463e+04
1.455293139994645571e+04
1.339369065483801751e+04
1.245940083555356068e+04
1.173778178372824550e+04
1.118595428456120680e+04
1.074365291796633028e+04
1.035291735324058027e+04
9.969873652527468948e+03
9.569706678596841812e+03
9.148639819061116214e+03
8.714811546245598947e+03
8.285971784067942281e+03
7.880047848381078438e+03
7.513465160855927024e+03
7.192847447257059684e+03
6.917995826360591309e+03
6.682198745322973082e+03
6.475127383474229646e+03
6.287731631280453257e+03
6.111845539871936126e+03
5.939582290791430751e+03
5.763507069817652336e+03
2.658664494782149632e+04
2.374465802709341006e+04
2.071526780781735579e+04
1.801574517635854863e+04
1.585390720121818777e+04
1.425281291558277917e+04
1.306976430691075620e+04
1.215735444331515646e+04
1.138469680961123049e+04
1.066169051627324370e+04
9.931581932654686170e+03
9.184798970152622132e+03
8.454418412013284978e+03
7.783002791188629089e+03
7.198194997362316826e+03
6.710186800241208402e+03
6.314566523335089187e+03
5.993925647212236981e+03
5.725164318749150880e+03
5.489704402713843592e+03
5.275361602551767646e+03
5.075797070901760890e+03
4.889230196980622168e+03
4.715661265090217967e+03
4.555998967490117138e+03
4.412339520528366847e+03
4.284614277236129055e+03
4.170541559095331650e+03
4.064082099845371431e+03
3.957690173166241038e+03
3.850168350641115921e+03
3.744433450786935282e+03
3.642212593611784541e+03
3.544004818497959604e+03
3.450446804160012107e+03
3.362500892826983545e+03
1.645796857705947332e+03
1.445391121094085975e+03
1.244101151225553622e+03
1.072995060491066397e+03
9.412203368769132794e+02
8.456112918050166627e+02
7.755880244539675914e+02
7.220209418588856352e+02
6.784722905334601819e+02
6.416008835823686240e+02
6.106609200496823178e+02
5.866327173218696771e+02
5.702967928780099101e+02
5.609111317087581483e+02
5.568492805526029770e+02
5.562537793096034875e+02
5.569840352480177899e+02
5.568411767550887816e+02
5.548365283311641178e+02
5.524087614707168541e+02
5.515465192957572071e+02
5.536870552198834048e+02
5.591898807526440578e+02
5.671597012141055529e+02
5.764395176524212729e+02
5.863342295308307257e+02
5.962460420569450434e+02
6.056618775507213286e+02
6.137742122752570140e+02
6.197371204753144411e+02
6.241713859341762145e+02
6.285206487000823472e+02
6.332716128878887503e+02
6.381374374758593149e+02
6.427739571959118621e+02
6.467717969982031718e+02
