5.271728047976943344e+04
4.802379812710975239e+04
4.273701297702199372e+04
3.787338306334274239e+04
3.391098237819825590e+04
3.098318154152539501e+04
2.885361675610754901e+04
2.724618752110240894e+04
2.588419639621262468e+04
2.456069117283026571e+04
2.311750187735389409e+04
2.151017787192065225e+04
1.981860063766168969e+04
1.816950404950504162e+04
1.667213713902929885e+04
1.539649740234660021e+04
1.436785583713707092e+04
1.357495249898079237e+04
1.297024902302190822e+04
1.248647970505397097e+04
1.205927610148577514e+04
1.164091564913387265e+04
1.120338585258910462e+04
1.073895422299424172e+04
1.025853462785267038e+04
9.785271246728709230e+03
9.339132447528118064e+03
8.935653840825227235e+03
8.588690518187679118e+03
8.288924985106861641e+03
8.029005318987681676e+03
7.810587620232890004e+03
7.602468333941628771e+03
7.415814628202788299e+03
7.228121119285269742e+03
7.038117973359996540e+03
2.808848764563904115e+04
2.554186210467846104e+04
2.266252242911544454e+04
2.000679552505107858e+04
1.783299115171625090e+04
1.620265127508732985e+04
1.498571543342979930e+04
1.403014814316129196e+04
1.320126128356020126e+04
1.240381455089572410e+04
1.157558417869938057e+04
1.071563168011145171e+04
9.870390449218344656e+03
9.087311107975401683e+03
8.404283255701728194e+03
7.838899166208868337e+03
7.383207784612268370e+03
7.012250708698598828e+03
6.699147718363688909e+03
6.423412439534159603e+03
6.176336764037087050e+03
5.955770714140516247e+03
5.759257011170457190e+03
5.582874400486874947e+03
5.426305895837572280e+03
5.295555821255851697e+03
5.188108197985755396e+03
5.096169841811682090e+03
5.017253209932651771e+03
4.929320961105846436e+03
4.832209994137229842e+03
4.750446652316260042e+03
4.655266870264917998e+03
4.581198166019737982e+03
4.505758498755623805e+03
4.435275103508657594e+03
1.742943589756065194e+03
1.552469504786120524e+03
1.348646454664081830e+03
1.166696619109359744e+03
1.020252768806474705e+03
9.085077099821846787e+02
8.222673676538834115e+02
7.518577901897697302e+02
6.920481735862922505e+02
6.406722022190970165e+02
5.974464646495944180e+02
5.655679934271302045e+02
5.465726684899982502e+02
5.374108542475487411e+02
5.360790269468343467e+02
5.407705269518482964e+02
5.482522240983489610e+02
5.544089509444456780e+02
5.584982723770554003e+02
5.629310895748549228e+02
5.716032926229636359e+02
5.871495059766848499e+02
6.090684284554708938e+02
6.345290787338435621e+02
6.611688805820404014e+02
6.889945047505880211e+02
7.170789230276996022e+02
7.441381899492225784e+02
7.708340717582204888e+02
7.932226834198795586e+02
8.126465470894518148e+02
8.361071326878222862e+02
8.558532232877282695e+02
8.798428295195694773e+02
9.010473172988163242e+02
9.199261082359907959e+02
