1.591150226599380039e+04
1.440449034792191378e+04
1.275624783238753480e+04
1.126230021151365872e+04
1.005350494742238516e+04
9.160303748993022964e+03
8.509200645556153177e+03
8.017941505061629869e+03
7.606172427828612854e+03
7.213020069644158866e+03
6.792211104966525454e+03
6.328227060097273352e+03
5.841141204498029765e+03
5.366233096308963468e+03
4.933882801975471011e+03
4.563686800760970073e+03
4.264946238829420508e+03
4.036188284925039625e+03
3.864740835906112352e+03
3.730566674357552984e+03
3.613115882808455353e+03
3.496212838399092107e+03
3.370191880047966151e+03
3.232383169050084689e+03
3.086019853538741700e+03
2.937813085334547395e+03
2.794867410659253437e+03
2.663777474735590658e+03
2.549938519621438900e+03
2.453687574376850534e+03
2.372804649994579449e+03
2.304340273534890002e+03
2.241646360313029618e+03
2.183178068950394845e+03
2.124072480553908008e+03
2.062575131904754926e+03
1.243386098314530318e+04
1.115114644366889115e+04
9.761077214430957611e+03
8.506960247139166313e+03
7.493285081179636109e+03
6.740246301119653253e+03
6.185185910175357094e+03
5.759548002145389546e+03
5.398987902093170305e+03
5.056464612541882161e+03
4.697623610657516110e+03
4.313158923242092897e+03
3.919663811904535578e+03
3.542568784376428994e+03
3.202863095604650880e+03
2.912782540584756134e+03
2.676039726237929244e+03
2.488491136693814951e+03
2.339499650174640919e+03
2.215015251812269526e+03
2.102206262346185213e+03
1.991953662253017683e+03
1.879241022936261061e+03
1.762957448760250827e+03
1.645370306463364386e+03
1.530723952620087857e+03
1.422172032483151497e+03
1.321879746940368477e+03
1.231835859155669141e+03
1.149631115264878872e+03
1.073661068476237915e+03
1.004284173430981241e+03
9.358226363331821176e+02
8.710949708969629910e+02
8.063767079861300999e+02
7.420139234770923622e+02
1.200199413585522052e+03
1.068942723239335464e+03
9.301623214279070453e+02
8.071244199621169173e+02
7.089570065866246296e+02
6.362846484634237640e+02
5.825798946562490528e+02
5.410414877867588075e+02
5.060078022817233432e+02
4.737550882203586298e+02
4.418048401357186776e+02
4.100409779228534717e+02
3.799324459006816141e+02
3.528118803680545170e+02
3.296708040744438222e+02
3.108026087823595844e+02
2.956674594740197790e+02
2.832254175236773790e+02
2.725410135365459610e+02
2.629771014847895003e+02
2.543471574295135724e+02
2.467295988972309715e+02
2.401569965661155948e+02
2.345442603098083509e+02
2.298770841857610776e+02
2.262910374047091864e+02
2.235113962859200001e+02
2.211069709587795842e+02
2.189582094430654706e+02
2.162302167437485423e+02
2.129496845075884721e+02
2.100472095625904103e+02
2.065156220797873630e+02
2.037870289100618493e+02
2.011103773185434420e+02
1.987797783893013275e+02
