7.537194778339048207e+04
6.788077825863074395e+04
5.970737794902794849e+04
5.230991311073079123e+04
4.632890900357096689e+04
4.190570962038529979e+04
3.867341382295948279e+04
3.622382020914887107e+04
3.416372014782445331e+04
3.219922144337983264e+04
3.011049229176980953e+04
2.782983378038510273e+04
2.545806744819257437e+04
2.316252247024507233e+04
2.108491061539238945e+04
1.931340327461982451e+04
1.788454222394076714e+04
1.678351938965956651e+04
1.594659244617068543e+04
1.528025070569421950e+04
1.469281926402355384e+04
1.411480151036432108e+04
1.350594249257721822e+04
1.285605860404717350e+04
1.218045678379128549e+04
1.150942497053298575e+04
1.087183552110476012e+04
1.029237369345700790e+04
9.791264378036055859e+03
9.363455730498313642e+03
8.998390340865189501e+03
8.688342954291321803e+03
8.400277495129917952e+03
8.135969282287550413e+03
7.872117876022512064e+03
7.604301063322931441e+03
3.240193638812223799e+04
2.898550228477239943e+04
2.533707757551108079e+04
2.208453285285173115e+04
1.948314087585149173e+04
1.756242890823571724e+04
1.615059147899309937e+04
1.506534436008909142e+04
1.414816232136282997e+04
1.329082325623978795e+04
1.241984575249778572e+04
1.152658375283357236e+04
1.065333587212516977e+04
9.847397514743714055e+03
9.145037631644168869e+03
8.561786280526081100e+03
8.090351106418742347e+03
7.707314140368249355e+03
7.385728963264462436e+03
7.101996790487391991e+03
6.842519323818874909e+03
6.602179475264169014e+03
6.378781403110702740e+03
6.171074777182780963e+03
5.981175114047033276e+03
5.814860112298384593e+03
5.669575307430419343e+03
5.538435564317544049e+03
5.418999266271397573e+03
5.293629631644644178e+03
5.161056958304809996e+03
5.038146718468768995e+03
4.904113051098870528e+03
4.786170599463284816e+03
4.669527857579406373e+03
4.560607564018592711e+03
1.654926811176712363e+03
1.457723413349238399e+03
1.261452271251084312e+03
1.096517686694634904e+03
9.716741077236110868e+02
8.829005744099631556e+02
8.197879524187865172e+02
7.724054994844718749e+02
7.349878016856564500e+02
7.050566487167052401e+02
6.814056739878124063e+02
6.659641381081510190e+02
6.596349175241139164e+02
6.598225086166166875e+02
6.647335277576839871e+02
6.727254178625689747e+02
6.809076245044561801e+02
6.863387719814218144e+02
6.886048870485246880e+02
6.894357443373883143e+02
6.917211676004853871e+02
6.977019761563105931e+02
7.075897874172896991e+02
7.199344542031549281e+02
7.333745813162040577e+02
7.477408589546521398e+02
7.619066890522562971e+02
7.746445272082528390e+02
7.863410234040811702e+02
7.944750523790753505e+02
8.000713712522619971e+02
8.077219958102659803e+02
8.126843574758213435e+02
8.204143804840177836e+02
8.265367539854150891e+02
8.313942319109833079e+02
