6.335691948804212007e+04
5.708441817646390700e+04
5.023321627154436283e+04
4.402735778469221987e+04
3.900640414190632146e+04
3.529204406123430090e+04
3.257772210488911878e+04
3.052162280435458160e+04
2.879271412518276338e+04
2.714248554661460003e+04
2.538423551418908755e+04
2.345885193009144496e+04
2.145085393244704028e+04
1.950313557648553251e+04
1.773716597249657934e+04
1.622935197609839088e+04
1.501293559976954930e+04
1.407746854714753681e+04
1.336951957263575969e+04
1.280885553993736175e+04
1.231566784174735949e+04
1.182875669217092945e+04
1.131247942707969560e+04
1.075776321459998144e+04
1.017784085394533031e+04
9.598924205808791157e+03
9.047006237175964998e+03
8.544921691329083842e+03
8.111054448280004181e+03
7.743043180280379602e+03
7.431726671651469587e+03
7.168314676269062147e+03
6.925759811094856559e+03
6.702421771173701927e+03
6.479148856062297455e+03
6.251154408096578663e+03
2.899942141705575341e+04
2.596435218137541960e+04
2.271056186594103201e+04
1.980118456699471790e+04
1.746854140284823006e+04
1.574437200803343148e+04
1.447687782065124702e+04
1.350377817956335821e+04
1.268116734679737419e+04
1.190906356932242306e+04
1.111830073047902079e+04
1.029784781919953093e+04
9.485959217279374570e+03
8.729319194803782011e+03
8.064333101555084795e+03
7.508201451893712147e+03
7.057844337286902373e+03
6.694876515403556368e+03
6.394863529405053669e+03
6.133814584588539219e+03
5.895407395417858424e+03
5.671428450271198926e+03
5.458139919211526831e+03
5.254596931101777045e+03
5.063748053519857422e+03
4.891741685049276384e+03
4.738174718608102012e+03
4.598993444058763998e+03
4.473068146180312397e+03
4.346765403798142870e+03
4.218149147786149115e+03
4.098818892840562512e+03
3.972072338645732998e+03
3.858303986427271866e+03
3.746146146156424038e+03
3.640607126778249039e+03
1.584818549985651771e+03
1.400050179309029772e+03
1.213656848682378040e+03
1.055093245281746931e+03
9.335653504918827821e+02
8.462821301948952168e+02
7.835648335215682891e+02
7.360224895280607598e+02
6.977155275629065727e+02
6.657623660219323938e+02
6.386316408202455932e+02
6.178160941693622590e+02
6.044839106428207742e+02
5.971009648708768509e+02
5.945101858951584290e+02
5.953927270413287260e+02
5.972755688288771125e+02
5.975643784964040606e+02
5.956393643365499884e+02
5.926444581928417392e+02
5.908118766193001647e+02
5.920511597463582802e+02
5.967691198362026626e+02
6.040341157738421316e+02
6.128669224743634913e+02
6.230728509976252099e+02
6.335239407175995439e+02
6.429482879071242678e+02
6.514171701651621333e+02
6.567261281576561487e+02
6.596405217755136619e+02
6.639057221890266192e+02
6.658673239038303109e+02
6.701412315060629226e+02
6.734143463422055902e+02
6.760958865088628045e+02
