5.286914473296789220e+04
4.766680081564925786e+04
4.197822782153020671e+04
3.682236121919285506e+04
3.264987825662503383e+04
2.956455391253131893e+04
2.731235640643016450e+04
2.560933762879489950e+04
2.417906859390781028e+04
2.281307011348834931e+04
2.135389870667899959e+04
1.975032431909879597e+04
1.807246916023482117e+04
1.644114283193794836e+04
1.495955263386622028e+04
1.369336523887420117e+04
1.267245876785462679e+04
1.188985070996925242e+04
1.130124114148245098e+04
1.083849754324422611e+04
1.043286789337313530e+04
1.003103247746590205e+04
9.601681585663063743e+03
9.136691892108587126e+03
8.647313427197619603e+03
8.156042994057937904e+03
7.685972188837557042e+03
7.257890128954636566e+03
6.888442063903992675e+03
6.577194326327957242e+03
6.316358059394964584e+03
6.096938441023954510e+03
5.896664275842510506e+03
5.711864473103172713e+03
5.526625424294743425e+03
5.336034358623384833e+03
2.533631014554378271e+04
2.270543936264332660e+04
1.987438455010256075e+04
1.733604661388857858e+04
1.529658636386368016e+04
1.378816037696667081e+04
1.267982232160569038e+04
1.183049081309014946e+04
1.111273284484327814e+04
1.043653343253223829e+04
9.738491827500540239e+03
9.006141847164226419e+03
8.273161982745803471e+03
7.583907518490358598e+03
6.973564032670791676e+03
6.460075740749505712e+03
6.043759938241635609e+03
5.710781284740641240e+03
5.439590978186851316e+03
5.206839569629720245e+03
4.994731792308489275e+03
4.792900072341619307e+03
4.596378139447350804e+03
4.404291649260147096e+03
4.220032956892860057e+03
4.049889649264998297e+03
3.895252356613739721e+03
3.754552567782720416e+03
3.627920197473606549e+03
3.505304543247871607e+03
3.384395324392909515e+03
3.272473726777122465e+03
3.156220689584844877e+03
3.050143819899170921e+03
2.945551467409577526e+03
2.846082366981192536e+03
1.458508827087469399e+03
1.292305644367555942e+03
1.122508134645602695e+03
9.764893707221090153e+02
8.634156778793003468e+02
7.816213419459672878e+02
7.224586937854310236e+02
6.773865345040376269e+02
6.405746492564485379e+02
6.089121421935251419e+02
5.806206748229069490e+02
5.567318881048722687e+02
5.385543594087230304e+02
5.254834874512234819e+02
5.169799048410404794e+02
5.121206802692795463e+02
5.089433492689422565e+02
5.052862558022288795e+02
5.004030174714789609e+02
4.948925879417374745e+02
4.903051418398435999e+02
4.881212847702363433e+02
4.888090509880867103e+02
4.918441287920277318e+02
4.965954680196791742e+02
5.029014134716840090e+02
5.097494323455498488e+02
5.159562291165875649e+02
5.213913982200301689e+02
5.242141945784428572e+02
5.249410824387127832e+02
5.264560957040894209e+02
5.260778702241227620e+02
5.275296455218312985e+02
5.284559564347309788e+02
5.293017509213709673e+02
