3.410012174822481757e+04
3.079979872629788952e+04
2.718225194442283464e+04
2.389954220890691431e+04
2.124191564853019372e+04
1.927853781782037549e+04
1.784908101005935532e+04
1.677225243561646494e+04
1.587047113706096025e+04
1.500798570719759664e+04
1.408180619444791228e+04
1.305597889977638442e+04
1.197484013816346487e+04
1.091887675917657543e+04
9.956443863062144374e+03
9.131944530446769932e+03
8.467940015710977605e+03
7.961873362100002851e+03
7.586131576896083970e+03
7.295211027557877969e+03
7.042182355894923603e+03
6.789579431322701566e+03
6.514598988937093964e+03
6.212700603814462738e+03
5.890106986492877695e+03
5.562022613803592321e+03
5.245382114833558262e+03
4.957253293106843557e+03
4.707459862869851349e+03
4.500183655839827225e+03
4.330306834863382392e+03
4.187163736136637453e+03
4.061226622483192841e+03
3.943875051198944675e+03
3.826562733517389916e+03
3.700850083946261748e+03
1.738039304543584149e+04
1.560666779592553030e+04
1.368319229802081281e+04
1.194952299943882463e+04
1.055112381480813383e+04
9.515950849202748941e+03
8.756462230370992984e+03
8.177277856557431733e+03
7.688532525755349525e+03
7.224323624500283586e+03
6.737884306030242442e+03
6.215907376553709582e+03
5.681380994914396069e+03
5.170799352063987499e+03
4.712427220376212063e+03
4.322044072808187593e+03
4.004698563843296597e+03
3.754386601081972003e+03
3.556060225871466173e+03
3.390570622160382754e+03
3.240643212664060684e+03
3.094064376154359707e+03
2.944801573368623849e+03
2.792740312861968960e+03
2.640736781856039670e+03
2.493636785399232394e+03
2.355546621783677892e+03
2.229453254999440105e+03
2.115389902091319527e+03
2.011510848897095684e+03
1.915500278137302985e+03
1.824934657208819544e+03
1.738238697002388562e+03
1.654416368934197635e+03
1.572589201105105985e+03
1.492089166484103544e+03
1.081488561756610579e+03
9.641886430968224886e+02
8.413176679722946574e+02
7.335841325695491832e+02
6.486783408352221159e+02
5.866827009455919324e+02
5.414710096566659558e+02
5.070782795217273815e+02
4.785525367987829668e+02
4.527574793210305870e+02
4.280165308595851457e+02
4.043237196415293511e+02
3.828290691719375900e+02
3.645656078562806215e+02
3.498241645635589521e+02
3.382665797492973070e+02
3.291213339141868346e+02
3.213360338617267189e+02
3.140380163984564206e+02
3.070615926505975040e+02
3.006674792367261944e+02
2.952798474775645445e+02
2.912955131206626902e+02
2.888032188856959692e+02
2.876885336875238863e+02
2.876871137722000640e+02
2.883631138695291156e+02
2.891540497141463675e+02
2.894532465569311626e+02
2.887120408213036171e+02
2.870103744411258049e+02
2.848219355718156294e+02
2.825071656083728158e+02
2.803074822154724188e+02
2.784660841517468270e+02
2.772509076528783680e+02
