3.423880309578382003e+04
3.098463921288611164e+04
2.740884086914050931e+04
2.415588235460218857e+04
2.152320012896521803e+04
1.958456645045205369e+04
1.818039086928852339e+04
1.712949519230265651e+04
1.625195036168011575e+04
1.540959962045143948e+04
1.449594253963845404e+04
1.347367242147565048e+04
1.238810790682594961e+04
1.132168301022071864e+04
1.034643006932567187e+04
9.511459958452716819e+03
8.838124156840784053e+03
8.326962724109471310e+03
7.949666812046779341e+03
7.659537849411706702e+03
7.407631519953763927e+03
7.155469518466497902e+03
6.878561263639398931e+03
6.570742476131859803e+03
6.239766847037848493e+03
5.901930303794987594e+03
5.575164733375232572e+03
5.276410963738653663e+03
5.019290108891222189e+03
4.805840054137069274e+03
4.630795621388639120e+03
4.486111594361085736e+03
4.356566943368141438e+03
4.236670771096388307e+03
4.115129997711895157e+03
3.987131664486947557e+03
1.753875543444664072e+04
1.581178534409948588e+04
1.392259930424567574e+04
1.221551346151636608e+04
1.083839062656106762e+04
9.823359614535220317e+03
9.084140533300920652e+03
8.524469700247524088e+03
8.052740909706921229e+03
7.601227632236114914e+03
7.119840223781989152e+03
6.595085709766939544e+03
6.051636346815714205e+03
5.527370941962878533e+03
5.054033668104586468e+03
4.651078676332119358e+03
4.323360725161202026e+03
4.065592030574549426e+03
3.862268438798419083e+03
3.693090879079193201e+03
3.539846165974577616e+03
3.389752716792988849e+03
3.236473185277486209e+03
3.078734730925954864e+03
2.920148701053984951e+03
2.767136570581931210e+03
2.623916584882706957e+03
2.492800698570993973e+03
2.376099935041600475e+03
2.269045761130395931e+03
2.169137498173242420e+03
2.078148296292965370e+03
1.987031339841294312e+03
1.902050863521284555e+03
1.817554194695874003e+03
1.734922866748698198e+03
1.091802284728191808e+03
9.770431960465321026e+02
8.554886876492200827e+02
7.486372353837778064e+02
6.642185218673621421e+02
6.025069803098376724e+02
5.575544256798129936e+02
5.231521263626482323e+02
4.943992310066951177e+02
4.682603202702566705e+02
4.428169263649560889e+02
4.184001726175056319e+02
3.964146527987859372e+02
3.776203598372003398e+02
3.625097388832928118e+02
3.509591277434178664e+02
3.420221124015356509e+02
3.343414213969749653e+02
3.270696735127717147e+02
3.200413294897489322e+02
3.137521598281091428e+02
3.088794570255899998e+02
3.058423342617697926e+02
3.045477662931552914e+02
3.048249263229026838e+02
3.066524905857186241e+02
3.093831162216797566e+02
3.121406941016462042e+02
3.146181200510663984e+02
3.155269642451962682e+02
3.150125933199906285e+02
3.147378019054235665e+02
3.132447903595332264e+02
3.129059749282785106e+02
3.125816124210075486e+02
3.127144096930890100e+02
