# tracer=ELG1  source=Wei_data.hdf5  group=EZmock  nsim=1499  nk=18
# columns: kmid  P0  P2  P4

2.500000000000000139e-02 1.848586276903335602e+04 1.369724680325885129e+04 8.611145179519685371e+02
3.500000000000000333e-02 1.472326375159041709e+04 1.079673135850632571e+04 1.062382755527019754e+03
4.499999999999999833e-02 1.179786765663842925e+04 8.314133848612400470e+03 2.089914668939292994e+02
5.500000000000000028e-02 1.006488642061641985e+04 7.071402575981978771e+03 9.913571828605741985e+02
6.500000000000000222e-02 8.902456288877237967e+03 6.069418826354230987e+03 5.574273187244825749e+02
7.499999999999999722e-02 7.765314093895277438e+03 5.182440796263506854e+03 6.090708098819208089e+02
8.500000000000000611e-02 6.545621786446963597e+03 4.216727250950627422e+03 3.326509359673113408e+02
9.500000000000000111e-02 5.471523396395607961e+03 3.440387330458972883e+03 3.473570869833228016e+02
1.049999999999999961e-01 4.725124281525693732e+03 2.880665644349568083e+03 2.220490408965980293e+02
1.150000000000000050e-01 4.260521008375584643e+03 2.537117298046033284e+03 3.400641238532349462e+02
1.250000000000000000e-01 3.926971687023349205e+03 2.250981001661107712e+03 2.529754399159436389e+02
1.350000000000000089e-01 3.597288069270184678e+03 1.996808328951303565e+03 2.380726777538363308e+02
1.449999999999999900e-01 3.242471439744502277e+03 1.742885469641095369e+03 1.755799017691792585e+02
1.549999999999999989e-01 2.913217101433622702e+03 1.533122392909936252e+03 1.778480922268178119e+02
1.650000000000000078e-01 2.653352496593728119e+03 1.361678375088057237e+03 1.728211508472314222e+02
1.749999999999999889e-01 2.464749744697130154e+03 1.227287623276183922e+03 1.931055913055372741e+02
1.849999999999999978e-01 2.318994312678453753e+03 1.105476667737823846e+03 1.582266404176118897e+02
1.950000000000000067e-01 2.185704722353567831e+03 1.002673774793196912e+03 1.596267379859907010e+02
