# tracer=LRG1  source=Wei_data.hdf5  group=EZmock  nsim=2000  nk=80
# columns: kmid  P0  P2  P4

5.000000000000000104e-03 4.518795192631491955e+04 2.071315915878451051e+04 7.692832846420388933e+02
1.000000000000000021e-02 6.050102309593984683e+04 2.801495502213996588e+04 5.608517493406941945e+00
1.499999999999999944e-02 6.598970936859994254e+04 3.085297350981002455e+04 3.169641279529736039e+03
2.000000000000000042e-02 6.459937919538001734e+04 2.978039785702499648e+04 1.387234078124753069e+03
2.500000000000000139e-02 5.941209039275503164e+04 2.696782031427992843e+04 1.312941238029741953e+03
2.999999999999999889e-02 5.285396717210996576e+04 2.362464607448997049e+04 1.062238178627490925e+03
3.500000000000000333e-02 4.637526867598990793e+04 2.037564362411001275e+04 1.288167323504187834e+03
4.000000000000000083e-02 4.083116812144995492e+04 1.759487072780499875e+04 1.072230045292374825e+03
4.499999999999999833e-02 3.650082074453498353e+04 1.540017850902501414e+04 8.656354569308841747e+02
5.000000000000000278e-02 3.331910887035502674e+04 1.375127817824499834e+04 5.719828491588261841e+02
5.500000000000000028e-02 3.097234926177998932e+04 1.254671460485500029e+04 5.011436702680529152e+02
5.999999999999999778e-02 2.911241249734001030e+04 1.156084226094498990e+04 7.115545179604008581e+02
6.500000000000000222e-02 2.744519442253007583e+04 1.065414206390802792e+04 5.671338868598712679e+02
7.000000000000000666e-02 2.575326258248996965e+04 9.759914608180502910e+03 4.335650424569980714e+02
7.499999999999999722e-02 2.394810973252998156e+04 8.879142718093993608e+03 3.567836105475542468e+02
8.000000000000000167e-02 2.205030665055497593e+04 8.024912778454498948e+03 4.810440050229236135e+02
8.500000000000000611e-02 2.015976961031996325e+04 7.198020529036506559e+03 4.209728378049046569e+02
8.999999999999999667e-02 1.839838496079001197e+04 6.468496123312994314e+03 4.153101215847268577e+02
9.500000000000000111e-02 1.685788190240501353e+04 5.827091418660502313e+03 2.599392779840589469e+02
1.000000000000000056e-01 1.559037814259502920e+04 5.323036876262008263e+03 3.537786754476693432e+02
1.049999999999999961e-01 1.458838479209502111e+04 4.893861542245502278e+03 3.924725755290498341e+02
1.100000000000000006e-01 1.381420108608497503e+04 4.521963898802494441e+03 3.190186189255192062e+02
1.150000000000000050e-01 1.320301541371500571e+04 4.192178374751497358e+03 2.418341117122500066e+02
1.199999999999999956e-01 1.269096131342496847e+04 3.902828322992504582e+03 2.650879749702100980e+02
1.250000000000000000e-01 1.221293535029501800e+04 3.634326672379498632e+03 2.959145651933749832e+02
1.300000000000000044e-01 1.172797398216998772e+04 3.371549609415500527e+03 2.538269482871317280e+02
1.350000000000000089e-01 1.121715030732499508e+04 3.130968480763002844e+03 2.366585806802449383e+02
1.400000000000000133e-01 1.068423848197498955e+04 2.910759778114999790e+03 2.151806779314546816e+02
1.449999999999999900e-01 1.014847015024498796e+04 2.714993673348998982e+03 2.428021618391500738e+02
1.499999999999999944e-01 9.632156678400006058e+03 2.541015511808500833e+03 2.443794064058502045e+02
1.549999999999999989e-01 9.157157055536983535e+03 2.379641546085998925e+03 1.973079432192103013e+02
1.600000000000000033e-01 8.736738604294989273e+03 2.234334445687004518e+03 2.067144957548050286e+02
1.650000000000000078e-01 8.374819079356981092e+03 2.094699870612499581e+03 2.039808440797006597e+02
1.700000000000000122e-01 8.065903715936001390e+03 1.959238593132502047e+03 2.091724689356996976e+02
1.749999999999999889e-01 7.800152867769983459e+03 1.823557834661001834e+03 1.882171800484246376e+02
1.799999999999999933e-01 7.564297673614499217e+03 1.693755300862999775e+03 1.937392916475501465e+02
1.849999999999999978e-01 7.345754935992001265e+03 1.565593289148000849e+03 1.719575808180999843e+02
1.900000000000000022e-01 7.135762529435000033e+03 1.448329325751999932e+03 1.770380728379299740e+02
1.950000000000000067e-01 6.927258139540990669e+03 1.340188303489999726e+03 1.784373823241001560e+02
2.000000000000000111e-01 6.719146302609996383e+03 1.244419646994500681e+03 1.674346969955504960e+02
2.049999999999999878e-01 6.513031875854504506e+03 1.159183055179998519e+03 1.516774485663901544e+02
2.099999999999999922e-01 6.311995308144000774e+03 1.083859291097499863e+03 1.597310732739450714e+02
2.149999999999999967e-01 6.119640214975990602e+03 1.015154113402800135e+03 1.569000839840147137e+02
2.200000000000000011e-01 5.939704011402007382e+03 9.481603930951004031e+02 1.439636416012950519e+02
2.250000000000000056e-01 5.772894859631995132e+03 8.830931148825023911e+02 1.385747765951198005e+02
2.300000000000000100e-01 5.619666387163001673e+03 8.177158393298996089e+02 1.283192085854500135e+02
2.349999999999999867e-01 5.478738532088497777e+03 7.528229557308999347e+02 1.331689008017949618e+02
2.399999999999999911e-01 5.348209538736006834e+03 6.872743973347506881e+02 1.348371080047601538e+02
2.449999999999999956e-01 5.225636692558991854e+03 6.237234500430010939e+02 1.275956648746252142e+02
2.500000000000000000e-01 5.109082947533500374e+03 5.617747404335494821e+02 1.199477468244750753e+02
2.550000000000000044e-01 4.997036218696503056e+03 5.035625380630507379e+02 1.211671400190698478e+02
2.600000000000000089e-01 4.888666987384492131e+03 4.503242226585992967e+02 1.276354529293298725e+02
2.650000000000000133e-01 4.783288545947003513e+03 4.001714863361496555e+02 1.153099260174197696e+02
2.700000000000000178e-01 4.681102890340501290e+03 3.538319487153005412e+02 1.105547862448551371e+02
2.750000000000000222e-01 4.582459601598990957e+03 3.107812608935499838e+02 1.131115164465351057e+02
2.800000000000000266e-01 4.487883190933004698e+03 2.706286546074005628e+02 1.112520142528050968e+02
2.849999999999999756e-01 4.397230314780998924e+03 2.315250530284003219e+02 1.064274003003101399e+02
2.899999999999999800e-01 4.311060125372492621e+03 1.930153044164000846e+02 1.075793946374751187e+02
2.949999999999999845e-01 4.229021690469500754e+03 1.555081901834999769e+02 9.754532773602510076e+01
2.999999999999999889e-01 4.150834384776999286e+03 1.186574183564699752e+02 9.830834352912503959e+01
3.049999999999999933e-01 4.076201840930999424e+03 8.290207764576989291e+01 1.036201438308351612e+02
3.099999999999999978e-01 4.004572339061496223e+03 4.828377626543500867e+01 1.008442207885699702e+02
3.150000000000000022e-01 3.935962373218497305e+03 1.460668712902290522e+01 9.287784770343006358e+01
3.200000000000000067e-01 3.869395994483496452e+03 -1.742721199556669021e+01 9.405042850626485063e+01
3.250000000000000111e-01 3.805417289083502055e+03 -4.779656785413988729e+01 1.003748496444749065e+02
3.300000000000000155e-01 3.743286663452494849e+03 -7.688235304700494055e+01 9.735839615221000543e+01
3.350000000000000200e-01 3.683353890100498120e+03 -1.043573701818600767e+02 9.508690959285011957e+01
3.400000000000000244e-01 3.625282394252497852e+03 -1.306452008816499131e+02 9.187804243988998110e+01
3.449999999999999734e-01 3.569331966053995984e+03 -1.557728562796503695e+02 9.439101574244000403e+01
3.499999999999999778e-01 3.515192578028503704e+03 -1.801715524926001422e+02 9.710689137802494031e+01
3.549999999999999822e-01 3.463035983671005397e+03 -2.033063548431499328e+02 9.256189535155984061e+01
3.599999999999999867e-01 3.412692361060999247e+03 -2.259362462506994689e+02 9.046073266582521910e+01
3.649999999999999911e-01 3.363880393454502610e+03 -2.476794105522494931e+02 9.297181282316502404e+01
3.699999999999999956e-01 3.316952571743499902e+03 -2.686174784733003094e+02 9.625624138427998844e+01
3.750000000000000000e-01 3.271305787984998460e+03 -2.888973233997504622e+02 9.353440729151512301e+01
3.800000000000000044e-01 3.227308827117994497e+03 -3.082627447047001965e+02 9.341185092224010589e+01
3.850000000000000089e-01 3.184607394233998548e+03 -3.270278220888997112e+02 9.348711546686514851e+01
3.900000000000000133e-01 3.143176018998998643e+03 -3.448011039632999086e+02 9.737997466823988191e+01
3.950000000000000178e-01 3.102935641625505468e+03 -3.617631392894999749e+02 9.633896548093501622e+01
4.000000000000000222e-01 3.063920079624499522e+03 -3.783332951868000009e+02 9.815318072863506416e+01
