# tracer=QSO  source=Wei_data.hdf5  group=EZmock  nsim=2000  nk=80
# columns: kmid  P0  P2  P4

5.000000000000000104e-03 3.476307568600997183e+04 1.372365164065801764e+04 2.684599670653655039e+02
1.000000000000000021e-02 4.496036912024002231e+04 1.858153333074499824e+04 -1.604855824602613836e+02
1.499999999999999944e-02 4.865183448422997026e+04 2.051931929048498205e+04 2.178152077098081008e+03
2.000000000000000042e-02 4.780182821307993436e+04 1.985822612400501384e+04 8.818492414062698117e+02
2.500000000000000139e-02 4.441634300909996819e+04 1.800098255056500057e+04 8.357961569034320064e+02
2.999999999999999889e-02 4.009970190310998441e+04 1.577901558022999416e+04 6.950568432884348340e+02
3.500000000000000333e-02 3.581135521395495743e+04 1.361434779529002299e+04 8.591879337636160017e+02
4.000000000000000083e-02 3.214261680913500822e+04 1.173567077181497189e+04 7.000519260513430027e+02
4.499999999999999833e-02 2.926549543142998300e+04 1.026355731738200302e+04 5.662368278762023692e+02
5.000000000000000278e-02 2.714964617942996847e+04 9.128710249179497623e+03 3.284211436704066500e+02
5.500000000000000028e-02 2.559749353773004259e+04 8.300698466030007694e+03 2.704111847321482287e+02
5.999999999999999778e-02 2.437239378471995951e+04 7.618434220388004178e+03 4.443944198736549538e+02
6.500000000000000222e-02 2.327225559502498436e+04 6.987009426727016944e+03 3.217019685532559379e+02
7.000000000000000666e-02 2.214599208334002469e+04 6.363311167712004135e+03 2.080941598828611916e+02
7.499999999999999722e-02 2.092510831674499786e+04 5.727221727387002829e+03 1.440337046832790406e+02
8.000000000000000167e-02 1.962609960684000907e+04 5.101416246931490605e+03 2.462943621974145572e+02
8.500000000000000611e-02 1.831974945224499606e+04 4.492489840820990139e+03 1.904254637105155723e+02
8.999999999999999667e-02 1.708988833645997875e+04 3.944721356731998185e+03 1.862017241950847222e+02
9.500000000000000111e-02 1.600899307435500305e+04 3.463210931738002273e+03 4.011615733803818529e+01
1.000000000000000056e-01 1.512020317733001684e+04 3.078825596363997192e+03 1.235396250145044235e+02
1.049999999999999961e-01 1.442064860677000070e+04 2.755573861050998858e+03 1.664048683230519146e+02
1.100000000000000006e-01 1.388734123706000719e+04 2.481326237967500219e+03 9.706076860925033145e+01
1.150000000000000050e-01 1.347751355942499504e+04 2.240230710734001605e+03 2.831520965733960082e+01
1.199999999999999956e-01 1.313852281040499111e+04 2.031241133019000245e+03 5.166270350471717876e+01
1.250000000000000000e-01 1.282349166789994706e+04 1.832184839834998684e+03 8.613190330690197527e+01
1.300000000000000044e-01 1.249700464569000542e+04 1.639894468353997809e+03 4.585379606937376451e+01
1.350000000000000089e-01 1.214485334057500404e+04 1.457927503757999375e+03 3.638094662548030556e+01
1.400000000000000133e-01 1.176654648024500602e+04 1.288756707943002539e+03 1.546433734241503899e+01
1.449999999999999900e-01 1.137897918810998635e+04 1.136205721958001504e+03 4.689207110554360725e+01
1.499999999999999944e-01 1.099996261139497983e+04 1.000058812282299755e+03 5.319727325987211231e+01
1.549999999999999989e-01 1.065051613127998826e+04 8.776404374146495684e+02 5.571933368334354597e+00
1.600000000000000033e-01 1.034295626584998899e+04 7.675520360143008247e+02 2.443433082437417880e+01
1.650000000000000078e-01 1.008350103929498255e+04 6.655692021173010744e+02 2.765520882897638089e+01
1.700000000000000122e-01 9.867922903361502904e+03 5.675447993692501996e+02 3.877738078195572058e+01
1.749999999999999889e-01 9.688280979900991952e+03 4.712616982188504267e+02 2.178884983452558899e+01
1.799999999999999933e-01 9.533527569177496844e+03 3.782259726238003736e+02 3.494983472665180813e+01
1.849999999999999978e-01 9.392766190864002056e+03 2.887999314125495403e+02 1.321843077505238107e+01
1.900000000000000022e-01 9.255334813499974189e+03 2.048132702743999971e+02 2.704622659875811053e+01
1.950000000000000067e-01 9.116585683141993286e+03 1.293767010983500256e+02 3.520885849818970570e+01
2.000000000000000111e-01 8.973235461051010134e+03 6.357992999168602211e+01 2.964160735491628884e+01
2.049999999999999878e-01 8.827261182612501216e+03 6.893326087532369861e+00 1.557162438183369524e+01
2.099999999999999922e-01 8.682742592781516578e+03 -4.047269620494932951e+01 3.578997107456940086e+01
2.149999999999999967e-01 8.543005086242481411e+03 -8.246320953479512639e+01 3.851408235065379415e+01
2.200000000000000011e-01 8.412769318754486449e+03 -1.217754661018949633e+02 3.218620089265196782e+01
2.250000000000000056e-01 8.294081473860493134e+03 -1.581337772244000632e+02 3.348880428224579475e+01
2.300000000000000100e-01 8.187542163373988842e+03 -1.956378888570501715e+02 2.883566307388638705e+01
2.349999999999999867e-01 8.092673302709509699e+03 -2.341206511318995638e+02 4.366985167961383496e+01
2.399999999999999911e-01 8.007156389869007398e+03 -2.734828257950493935e+02 5.321898624444526860e+01
2.449999999999999956e-01 7.928689353376494182e+03 -3.123142760236005984e+02 5.019990505085075938e+01
2.500000000000000000e-01 7.854848291921499367e+03 -3.493415678698009401e+02 4.668217106525846560e+01
2.550000000000000044e-01 7.783366525747491323e+03 -3.821689317183992216e+02 5.660603832098757948e+01
2.600000000000000089e-01 7.713693500565509567e+03 -4.125231491077995543e+02 7.274428647355510691e+01
2.650000000000000133e-01 7.644502891280503718e+03 -4.375843377079999641e+02 6.330996820678353743e+01
2.700000000000000178e-01 7.576570259424493997e+03 -4.587144057117994294e+02 6.401831766434155213e+01
2.750000000000000222e-01 7.510485593270505888e+03 -4.765056391639000140e+02 7.661890516635986614e+01
2.800000000000000266e-01 7.446965320051505842e+03 -4.917487624591499866e+02 8.286841756609489096e+01
2.849999999999999756e-01 7.386565048992999436e+03 -5.063915872213004832e+02 8.236389721750987292e+01
2.899999999999999800e-01 7.329920198536999123e+03 -5.200438421117502230e+02 9.208129713779979397e+01
2.949999999999999845e-01 7.277119855561998520e+03 -5.335256374729003710e+02 8.299964240756523282e+01
2.999999999999999889e-01 7.227885375156005466e+03 -5.466319392541010984e+02 9.128010208367994949e+01
3.049999999999999933e-01 7.181634102713510401e+03 -5.605310724375005975e+02 1.086210745932099542e+02
3.099999999999999978e-01 7.138195629473501867e+03 -5.737477211410506470e+02 1.104520057598848553e+02
3.150000000000000022e-01 7.096695686219006348e+03 -5.855510057903497909e+02 1.033309511328799317e+02
3.200000000000000067e-01 7.056473813463011538e+03 -5.955736889225498771e+02 1.119258156926899233e+02
3.250000000000000111e-01 7.018220304912497340e+03 -6.053058125079006686e+02 1.298046677109898326e+02
3.300000000000000155e-01 6.980773294312503822e+03 -6.119674068868004042e+02 1.299367192923303094e+02
3.350000000000000200e-01 6.944709661677486110e+03 -6.180058996185995284e+02 1.329270393015299305e+02
3.400000000000000244e-01 6.909646365508468989e+03 -6.224270293564480880e+02 1.326586545943652595e+02
3.449999999999999734e-01 6.875871895281504294e+03 -6.261214103525002201e+02 1.421514370566499679e+02
3.499999999999999778e-01 6.843746219933002067e+03 -6.291233597490008833e+02 1.526700210750499593e+02
3.549999999999999822e-01 6.812998246357495191e+03 -6.315014494410481802e+02 1.489969320407496980e+02
3.599999999999999867e-01 6.783751044921985340e+03 -6.334020288072500762e+02 1.501134546638502059e+02
3.649999999999999911e-01 6.755986149973489773e+03 -6.353164531880004233e+02 1.589790213742999470e+02
3.699999999999999956e-01 6.729217867622997801e+03 -6.370360400184001719e+02 1.705384447432999764e+02
3.750000000000000000e-01 6.703891003249013011e+03 -6.380116774780984770e+02 1.687500705854499472e+02
3.800000000000000044e-01 6.679476182930982759e+03 -6.383010285749015793e+02 1.724496920039503607e+02
3.850000000000000089e-01 6.656218400197485607e+03 -6.386431672511498618e+02 1.766308742672501353e+02
3.900000000000000133e-01 6.633643957502501507e+03 -6.378277068106508523e+02 1.883130115950999937e+02
3.950000000000000178e-01 6.611790199538998422e+03 -6.366437748322487096e+02 1.889710213569501605e+02
4.000000000000000222e-01 6.590758546711495001e+03 -6.353766967374493788e+02 1.954362316434998661e+02
