1.602747130090808605e+04
1.455532269661361715e+04
1.293399619185438860e+04
1.146009498074765543e+04
1.026734168204013986e+04
9.389335349791592307e+03
8.753568856630668961e+03
8.277537051919200167e+03
7.879479446098908738e+03
7.496732703388192022e+03
7.081048518271762077e+03
6.615909499578689974e+03
6.122208006471024419e+03
5.637270508424377113e+03
5.193732226620049914e+03
4.813665148393914023e+03
4.506537597634960548e+03
4.272125872447202710e+03
4.097650832380762949e+03
3.961878656470610167e+03
3.843177905133190052e+03
3.724325682680877890e+03
3.594959527161035112e+03
3.452200217398913082e+03
3.299544269216366047e+03
3.144320725299568949e+03
2.994300433956079814e+03
2.856683789242943931e+03
2.737400417990187634e+03
2.636783664964353193e+03
2.552491799901412378e+03
2.481554597933396053e+03
2.416603265793500213e+03
2.356197897196854683e+03
2.294928773375464516e+03
2.230929934373813921e+03
1.260826651820505322e+04
1.137465104441225412e+04
1.002101065008069054e+04
8.792496956291126480e+03
7.797940585113140514e+03
7.062095999900777315e+03
6.523670434403355102e+03
6.113714731817944994e+03
5.766013492409674654e+03
5.431312745891239501e+03
5.073019966130182183e+03
4.681089880258845369e+03
4.273677878160055116e+03
3.879055212465511431e+03
3.521105599032058308e+03
3.214781778142385065e+03
2.964245369698561717e+03
2.766142049227637926e+03
2.609088774727999407e+03
2.478159546896052234e+03
2.359351283608021731e+03
2.242762735141555822e+03
2.122925182605241389e+03
1.998658739632457582e+03
1.872560654842805434e+03
1.749553521557359090e+03
1.633304957880495294e+03
1.526243388008114380e+03
1.430582262840041494e+03
1.343358855893740156e+03
1.262779836107972869e+03
1.189680741598933309e+03
1.117337665363240149e+03
1.049411015573512486e+03
9.814576815625166546e+02
9.139750355864455287e+02
1.220179749198981881e+03
1.093967794095184217e+03
9.585415764649460471e+02
8.374483743970768046e+02
7.403500578757648327e+02
6.683628203777825547e+02
6.151008205895777792e+02
5.737206951091593510e+02
5.384230907022538304e+02
5.053679454324269500e+02
4.720215202690096703e+02
4.384051674691736480e+02
4.062535960395889560e+02
3.771261839040912491e+02
3.522002161389791581e+02
3.318777862578726854e+02
3.155545984411187419e+02
3.020525631074151534e+02
2.902953449931922023e+02
2.796918916870731664e+02
2.701542252156748418e+02
2.619037816506772742e+02
2.550452195858597406e+02
2.494840404096983093e+02
2.451703971559188631e+02
2.422501477346747834e+02
2.403780425458210175e+02
2.389820389525812061e+02
2.378586081261055369e+02
2.359177950314021928e+02
2.332004226680569445e+02
2.309703810040275584e+02
2.279432831465917388e+02
2.259645781135187690e+02
2.240550515161819476e+02
2.225753837860581825e+02
