7.537448540974511707e+04
6.788441426581838459e+04
5.971156383914672188e+04
5.231526443454054242e+04
4.633549643717501749e+04
4.191280222442869126e+04
3.868093229633040755e+04
3.623192753458064544e+04
3.417272610274342878e+04
3.220820696316437898e+04
3.012082717148446682e+04
2.784088953666038287e+04
2.546842493768253917e+04
2.317437580559788330e+04
2.109878269834256207e+04
1.932777355225738938e+04
1.789934131010982674e+04
1.679864610267021999e+04
1.596215378955151027e+04
1.529624360425684063e+04
1.470910944616225061e+04
1.413033908599159440e+04
1.351947128240129132e+04
1.287018022490816657e+04
1.219554600281648709e+04
1.152423859566243846e+04
1.088594200098309739e+04
1.030857501533062896e+04
9.805004751271808345e+03
9.377272802258637967e+03
9.014702066897760233e+03
8.699401101432853466e+03
8.415855646226340468e+03
8.150304218624721216e+03
7.889408663903253910e+03
7.620466899899107375e+03
3.240576183429428784e+04
2.899089901953059234e+04
2.534348425919068177e+04
2.209263186459709686e+04
1.949255195465358338e+04
1.757313322781416718e+04
1.616128630876054922e+04
1.507753379353845594e+04
1.416198451989999012e+04
1.330443463588698069e+04
1.243534749786127213e+04
1.154309889484145424e+04
1.066873540228447928e+04
9.865006445515642554e+03
9.165892201938040671e+03
8.583532930603860223e+03
8.112146842681439011e+03
7.730200202458365311e+03
7.409272156918677865e+03
7.126508297670635329e+03
6.867432583239763517e+03
6.625361850523446265e+03
6.399696555827178599e+03
6.191813359560142999e+03
6.003560467795788099e+03
5.837037763441916468e+03
5.691057213698645683e+03
5.561241387930890596e+03
5.438985656501413359e+03
5.314192550812745139e+03
5.185143579522264190e+03
5.055637939024054504e+03
4.928670736635833237e+03
4.806236024796575293e+03
4.690601833782410722e+03
4.584579696235728989e+03
1.655577198052829772e+03
1.458651348345829319e+03
1.262559100024129293e+03
1.097949585831476725e+03
9.733150714919320308e+02
8.848144674730501720e+02
8.215911509257202852e+02
7.745096731852227094e+02
7.373972048290761450e+02
7.073179760830225860e+02
6.840137190601999464e+02
6.687470317521401739e+02
6.621251236566313310e+02
6.628249353378323576e+02
6.685213781546626706e+02
6.767422565399883752e+02
6.849070182813347856e+02
6.906011460398403869e+02
6.929595404070605582e+02
6.939680135998341939e+02
6.962403534302111439e+02
7.017241324517490284e+02
7.110624157463735173e+02
7.233150589992837922e+02
7.371134218148526998e+02
7.514701185076892216e+02
7.655216241293765052e+02
7.785531479709525229e+02
7.896523107246011932e+02
7.979661285923066316e+02
8.043115188492647576e+02
8.104422699005945105e+02
8.169733649610298016e+02
8.235895929092434926e+02
8.299021889948403441e+02
8.354383121785513140e+02
