7.712089763116143877e+04
7.005708696043243981e+04
6.216578489419099060e+04
5.493707016663578543e+04
4.906217519055759476e+04
4.472900191225777235e+04
4.158480096968828002e+04
3.921907022701088863e+04
3.722384504473884590e+04
3.528876385006675991e+04
3.317710410409815813e+04
3.081643828537557420e+04
2.832080700301670731e+04
2.587867043590490357e+04
2.365384678082590835e+04
2.175357985169659514e+04
2.021943289005973929e+04
1.904076272049309409e+04
1.814826102247390372e+04
1.744088490726589225e+04
1.681680792030644807e+04
1.619968071952839091e+04
1.554484916466447430e+04
1.484076879256964821e+04
1.410485411252684207e+04
1.337240695150859028e+04
1.267652799865216912e+04
1.204485011542382563e+04
1.150050311678068465e+04
1.103559598834369172e+04
1.063842806270549954e+04
1.030392612327748975e+04
9.991021113201715707e+03
9.706320610812343148e+03
9.420517723790453601e+03
9.129327784710891137e+03
3.378802806679324567e+04
3.066457159631435934e+04
2.717998412985213508e+04
2.399551046894755564e+04
2.141040737609669668e+04
1.948949824495861321e+04
1.807130640976464929e+04
1.697216893143243215e+04
1.602658499347113138e+04
1.512024799352416267e+04
1.417641445556231156e+04
1.319203812205737995e+04
1.222159090459739491e+04
1.132262326316899089e+04
1.053999017711375382e+04
9.893352084156109413e+03
9.373848234675717322e+03
8.952023608980107383e+03
8.596613461452434422e+03
8.280794509011859191e+03
7.994667414730378368e+03
7.736336426950849273e+03
7.505036267754333494e+03
7.298739441957010058e+03
7.118594637017155037e+03
6.971261803883844550e+03
6.852264661575380160e+03
6.750588094459650165e+03
6.661623397282884980e+03
6.559285836303029100e+03
6.442636818896356999e+03
6.339231685028036736e+03
6.218272778181059948e+03
6.120640597210143824e+03
6.023413160946884091e+03
5.935366121372013367e+03
1.724777780883101514e+03
1.534950548842905846e+03
1.337087852940097946e+03
1.164779556037086877e+03
1.029876266803603357e+03
9.300541217043755751e+02
8.555936148897926614e+02
7.967913318032715324e+02
7.485099069479383616e+02
7.091994301953873219e+02
6.788504046546531754e+02
6.609369434581876703e+02
6.567751315905643423e+02
6.625693124829467706e+02
6.755559632278418576e+02
6.932484219977177418e+02
7.119115294778548559e+02
7.271969920521041786e+02
7.386324241773272661e+02
7.491054052664421761e+02
7.632286076756354305e+02
7.842516192269386011e+02
8.120301588603470009e+02
8.437377520485670175e+02
8.767968174605184686e+02
9.109367161944101099e+02
9.447928379423310616e+02
9.767856691419838171e+02
1.007723395044115932e+03
1.033632997179432095e+03
1.056135574493983768e+03
1.082828949469601866e+03
1.105535956326106316e+03
1.132849750174455039e+03
1.157164619624942134e+03
1.178709375203468880e+03
