6.445294551468631835e+04
5.846269560632844514e+04
5.180614188413301599e+04
4.572489978212396090e+04
4.078941717447667907e+04
3.715062247162286076e+04
3.451038642053672083e+04
3.252557426260091961e+04
3.085511424083218299e+04
2.923867833368268475e+04
2.747741429365359363e+04
2.550796231057798286e+04
2.342327381771553337e+04
2.138063186313969345e+04
1.951716951469717969e+04
1.792322097022604430e+04
1.663600850097909279e+04
1.564897318910259310e+04
1.490562746033778603e+04
1.431939887433760850e+04
1.380357622512860689e+04
1.329140025636462633e+04
1.274370353032130151e+04
1.215039176659660552e+04
1.152629194191739225e+04
1.090133026372081804e+04
1.030490355081886264e+04
9.762472717820710386e+03
9.294846873853097350e+03
8.898255680677684722e+03
8.562696987891529716e+03
8.280558621279691579e+03
8.019528044919873537e+03
7.780484069404838920e+03
7.540357802341564820e+03
7.294242057031759032e+03
2.996700653590318689e+04
2.715223528887615976e+04
2.403232346234054421e+04
2.119048287615972367e+04
1.888835292417848541e+04
1.718238591223062031e+04
1.592809646110952235e+04
1.496221783204573148e+04
1.413494813614179657e+04
1.334076256196320537e+04
1.250649507306591659e+04
1.162383162894771522e+04
1.073995026026837877e+04
9.910402591325175308e+03
9.179529102726228302e+03
8.569416488821725579e+03
8.076589194833481088e+03
7.679628734487861948e+03
7.350345776321488302e+03
7.062788846899660712e+03
6.800976259844244851e+03
6.558170123411148779e+03
6.331460846403821051e+03
6.119722694788129957e+03
5.925846704619396405e+03
5.757021511258623832e+03
5.611944546807004372e+03
5.484089888161044655e+03
5.370932315086840390e+03
5.253273232845280290e+03
5.129081000413067159e+03
5.016522474230541775e+03
4.892487102156405854e+03
4.786179398511903855e+03
4.681276232367235934e+03
4.584485955769246175e+03
1.639333877735814895e+03
1.462366015047256951e+03
1.277259489208634477e+03
1.115493599491674104e+03
9.884555808764052927e+02
8.946727815212834685e+02
8.249729783853726985e+02
7.700801925322957686e+02
7.243632793430042511e+02
6.855032115046942636e+02
6.527634474401456828e+02
6.287818787819687714e+02
6.152311346809110546e+02
6.100044932194468856e+02
6.113991768916421279e+02
6.175106156820575052e+02
6.251958869997743022e+02
6.308136026492393285e+02
6.335855559681021987e+02
6.354321183943602591e+02
6.397894316134779729e+02
6.494278693261276203e+02
6.647171273351668788e+02
6.839557310717582368e+02
7.053954636664811915e+02
7.287024131947055139e+02
7.524371502975445765e+02
7.748987830250243860e+02
7.962765321762099120e+02
8.132982831281788094e+02
8.271272794497726863e+02
8.436125728970141608e+02
8.569102226027348479e+02
8.738560648095290162e+02
8.890531160787268163e+02
9.028651416069637889e+02
