6.335879662786763947e+04
5.708711131915391888e+04
5.023630020754055295e+04
4.403129881449497043e+04
3.901130755457757914e+04
3.529726448812778108e+04
3.258333911510803591e+04
3.052761173917098495e+04
2.879933425204155719e+04
2.714913140384967846e+04
2.539187971485963863e+04
2.346703286093330462e+04
2.145854914476996055e+04
1.951191037443402456e+04
1.774736523369415954e+04
1.623989386039031888e+04
1.502385496811306257e+04
1.408856147704939212e+04
1.338093288516705434e+04
1.282055445891459385e+04
1.232759382678941256e+04
1.184022348354695532e+04
1.132242748079159355e+04
1.076826535873637840e+04
1.018901538571895435e+04
9.609879063945159942e+03
9.057411784071889997e+03
8.557036969563823732e+03
8.121302810999075518e+03
7.753300292861957132e+03
7.443801204981666160e+03
7.176469728941789981e+03
6.937127357590155952e+03
6.713217853851035215e+03
6.492485404904133247e+03
6.263129572873634970e+03
2.900236963861720869e+04
2.596851257949585124e+04
2.271549062825214787e+04
1.980741185303300153e+04
1.747580268882423115e+04
1.575259667358253864e+04
1.448514018899438815e+04
1.351316107231241585e+04
1.269179572653932337e+04
1.191956434015642299e+04
1.113026408145009918e+04
1.031059692641718175e+04
9.497870333033773932e+03
8.742897746793076294e+03
8.080342102185187287e+03
7.524862757274659998e+03
7.074565041992690567e+03
6.712395562448811688e+03
6.412898423586564604e+03
6.152588882427977296e+03
5.914528910088257362e+03
5.689291389814858121e+03
5.474262570902822517e+03
5.270638127889306816e+03
5.081043973275677672e+03
4.908840622081665970e+03
4.754709889219172510e+03
4.616600549278232393e+03
4.488472383743671344e+03
4.362570470044088324e+03
4.236665097927359966e+03
4.112268467199528459e+03
3.990912628984220646e+03
3.873847650570409314e+03
3.762575321847472878e+03
3.659091366954163277e+03
1.585340933164839953e+03
1.400795631121472979e+03
1.214544773568999517e+03
1.056241658941788046e+03
9.348820485901851498e+02
8.478156410511510330e+02
7.850107052998591826e+02
7.377100417518886388e+02
6.996500585668909480e+02
6.675829622322125942e+02
6.407340091706755629e+02
6.200603765347023000e+02
6.064941206772582518e+02
5.995153428328676455e+02
5.975432554332846848e+02
5.986017217709577380e+02
6.004686950850400535e+02
6.009663320692243360e+02
5.991196208847159141e+02
5.962713482082172050e+02
5.944397463903860626e+02
5.952866799214334605e+02
5.995671244859249782e+02
6.067566917960211867e+02
6.158802184502073942e+02
6.260677873283721055e+02
6.364234677257577459e+02
6.460815604414319751e+02
6.540674248201557930e+02
6.595161133182455160e+02
6.630360793079426003e+02
6.660911376612302774e+02
6.693211303934058378e+02
6.726746536367941189e+02
6.760572655165915421e+02
6.793397511753551044e+02
