5.287049216143769445e+04
4.766874106895417208e+04
4.198043146271207661e+04
3.682518480908655329e+04
3.265344088336060668e+04
2.956829537900372088e+04
2.731643945089276895e+04
2.561363229933233379e+04
2.418379077879885153e+04
2.281782516354022664e+04
2.135938237071588810e+04
1.975619801676778661e+04
1.807799849227671803e+04
1.644744996032310155e+04
1.496686155446679732e+04
1.370090583561434323e+04
1.268032399208461356e+04
1.189778563327898337e+04
1.130940416399424794e+04
1.084683710908109970e+04
1.044137295846389679e+04
1.003926178785244338e+04
9.608744728722465879e+03
9.144252890320693041e+03
8.655339162043997931e+03
8.163888949051338386e+03
7.693386239688184105e+03
7.266710520369719234e+03
6.895833804496707671e+03
6.584552895243333296e+03
6.325040988770171680e+03
6.102674619104373960e+03
5.904684733914054959e+03
5.719723437296885095e+03
5.536648478780251935e+03
5.344629705515233582e+03
2.533849455899852910e+04
2.270852471747418531e+04
1.987802948381456736e+04
1.734065274043081808e+04
1.530198208365672144e+04
1.379424111459332926e+04
1.268596565879118862e+04
1.183743592753804842e+04
1.112058978409087285e+04
1.044431640386059553e+04
9.747367246535010054e+03
9.015604145989516837e+03
8.282013005384034841e+03
7.593977148762264733e+03
6.985393529843177021e+03
6.472364169167660293e+03
6.056113484764539862e+03
5.723691665702777755e+03
5.452889644479180788e+03
5.220678464752186301e+03
5.008853885759574950e+03
4.806142199271333993e+03
4.608316365234352816e+03
4.416220900940151296e+03
4.232885423170469039e+03
4.062563483179092600e+03
3.907479975472384922e+03
3.767638084094292935e+03
3.639328367241637807e+03
3.516973835819656870e+03
3.398085517972415801e+03
3.282375237963252403e+03
3.170100402783766185e+03
3.061724038441454923e+03
2.957923392494555628e+03
2.859789067609567610e+03
1.458907842763626832e+03
1.292875232186150242e+03
1.123185523873475177e+03
9.773653631355809921e+02
8.644209199437136704e+02
7.827900310127824923e+02
7.235618271967541659e+02
6.786737649395745393e+02
6.420517122366618423e+02
6.103059515078930417e+02
5.822323971028708911e+02
5.584532233240197456e+02
5.400976576538196241e+02
5.273301710307787289e+02
5.192898798868027370e+02
5.145585832299166213e+02
5.113678308195794671e+02
5.078678035456896396e+02
5.030475580420443293e+02
4.976522029576744899e+02
4.930748141003732599e+02
4.905976835804722214e+02
4.909540650385579283e+02
4.939315262919294582e+02
4.989076159528794960e+02
5.051901209048646706e+02
5.119612693988046885e+02
5.183451667486338010e+02
5.234069870363127848e+02
5.263320324213245840e+02
5.275256739540159288e+02
5.281221933474480466e+02
5.287206200135401559e+02
5.294542041367326419e+02
5.304356761897247452e+02
5.317779144788446501e+02
