5.351460334557283932e+04
4.848905355512708775e+04
4.292856059351599833e+04
3.786061028422522213e+04
3.375307411931790557e+04
3.072712867432404892e+04
2.853413746864999121e+04
2.688905739122156228e+04
2.550884907150252548e+04
2.417695486725364754e+04
2.272734136067411600e+04
2.110514891341536713e+04
1.938523022423475049e+04
1.769823826286805343e+04
1.615771763278286744e+04
1.483917499874282657e+04
1.377513752251833648e+04
1.296220011507700474e+04
1.235428517107338303e+04
1.187894870236054703e+04
1.146244546293218082e+04
1.104726749143975030e+04
1.059940842080263246e+04
1.010996022198952596e+04
9.591322838916657929e+03
9.068629491170493566e+03
8.567579218326427508e+03
8.111157243559367089e+03
7.717982741499573422e+03
7.387092143227740053e+03
7.110120924877040125e+03
6.878438038857730135e+03
6.666388333081958990e+03
6.471438938715520635e+03
6.275148947567435243e+03
6.072343838524101557e+03
2.595513814378318057e+04
2.347746890395640730e+04
2.074755924828612478e+04
1.826875166276916570e+04
1.626475098746420372e+04
1.478374714470670551e+04
1.369959764662373345e+04
1.287033297511075943e+04
1.216390883892125021e+04
1.148555432433365786e+04
1.076787763439450828e+04
9.999108984547205182e+03
9.218771066411924039e+03
8.478509557024433889e+03
7.820024875463240278e+03
7.265913771180199547e+03
6.816968178925681059e+03
6.458378262363478825e+03
6.166111664155274411e+03
5.914793344244789296e+03
5.685824274318836615e+03
5.468974641568323932e+03
5.259487215996632585e+03
5.056551996351070557e+03
4.863925647456838306e+03
4.689003029941196473e+03
4.533068727320767721e+03
4.393357790250053768e+03
4.269297337943138700e+03
4.147450463779384336e+03
4.025210782577060854e+03
3.913531854479722824e+03
3.795159268539820914e+03
3.689862696285103084e+03
3.586089216704389401e+03
3.488595122299377181e+03
1.496113982747101545e+03
1.336683232681538357e+03
1.169509872170459857e+03
1.023063935430303900e+03
9.078601632314075687e+02
8.231538411731271481e+02
7.606171867344837665e+02
7.117395131488974584e+02
6.707848772127617849e+02
6.349034466062021238e+02
6.027638077298233839e+02
5.761423009920181357e+02
5.568125464604572699e+02
5.440046841582170600e+02
5.369570127226634213e+02
5.344226740025260369e+02
5.339955894547147182e+02
5.328078160712220779e+02
5.299363171548420723e+02
5.264086791989229823e+02
5.245353939899841862e+02
5.264237404363911992e+02
5.326574891549944368e+02
5.423628505353062792e+02
5.544869138937256139e+02
5.687554284336129058e+02
5.838710423273314518e+02
5.982523914114181025e+02
6.117152773589623393e+02
6.216715179749598974e+02
6.288639437316601288e+02
6.375291418859214900e+02
6.437138386192209509e+02
6.526139560285000698e+02
6.606667948117756168e+02
6.683336221356535134e+02
